75.82 74.97 74.57 74.39 74.81 74.67 74.14 74.03 74.78 75.01 74.58 74.81 74.61 75.54 76.06 77.05 77.32 78.08 77.62 77.99 78.30 78.71 78.94 79.70 80.46 79.95 80.62 81.21 81.29 80.90 81.41 81.64 82.08 82.24 81.88 81.02 80.51 81.41 81.68 80.89 80.86 79.94 79.09 79.11 78.70 78.78 78.73 79.47 79.02 78.50 78.49 78.56 78.63 79.51 78.75 78.56 78.77 79.44 79.79 78.80 78.96 78.08 77.90 77.69 78.62 78.90 78.38 78.80 79.60 79.30 78.41 79.06 79.68 78.94 78.57 78.48 78.36 78.78 79.58 79.37 79.00 79.59 78.75 78.80 78.21 78.52 78.31 78.50 78.53 77.87 77.13 76.79 76.97 76.23 77.18 77.62 78.42 77.94 78.22 78.36
76.18 75.34 74.38 74.39 75.43 75.27 73.60 73.16 73.95 74.51 74.44 74.70 75.08 76.21 76.33 77.65 77.87 77.20 77.68 77.72 78.51 78.75 79.32 78.83 79.69 79.51 80.02 80.62 80.02 81.30 80.67 81.62 81.18 82.46 81.88 81.80 82.16 81.82 81.34 81.68 80.74 79.35 79.83 79.41 78.40 78.67 79.90 79.00 79.61 79.86 78.98 77.70 78.59 78.58 79.60 78.67 79.73 79.18 80.19 78.71 78.87 78.53 78.51 78.32 77.71 79.20 79.09 79.56 78.56 79.10 79.44 79.49 79.12 78.98 78.82 78.14 77.77 79.47 79.89 78.72 79.15 79.95 78.91 78.86 79.30 78.09 78.26 77.79 78.83 78.53 77.28 76.23 77.31 76.45 77.00 78.41 77.39 78.83 78.35 77.79
76.48 75.52 75.47 75.53 74.41 74.73 73.57 74.10 74.47 75.34 74.24 75.54 75.85 76.03 75.80 77.57 77.82 78.32 77.70 77.75 77.46 78.69 78.46 78.74 79.25 79.80 79.19 79.04 80.15 81.47 81.89 82.08 82.31 81.14 82.11 81.64 82.20 82.71 81.43 81.04 79.75 80.58 79.85 78.95 79.41 79.13 78.90 78.62 79.07 79.82 78.10 77.59 78.20 78.85 78.71 78.94 79.69 79.07 80.09 79.78 78.91 79.50 79.46 77.84 78.70 77.87 79.49 78.52 78.99 78.89 79.52 78.87 78.29 77.99 78.64 78.19 78.74 78.05 79.96 79.12 78.73 79.86 80.29 79.15 78.36 79.40 78.43 78.45 77.83 78.55 77.39 76.12 75.74 77.08 76.79 76.70 76.95 77.69 78.36 78.48
76.16 76.28 76.41 74.61 74.37 74.23 74.19 73.26 75.08 75.00 75.36 74.91 75.23 75.44 76.29 76.93 77.59 78.72 78.07 78.31 78.65 77.72 78.27 78.11 78.22 79.80 79.45 80.03 80.62 81.17 81.68 81.47 80.83 81.40 81.72 82.52 81.61 82.85 82.53 81.58 81.34 80.64 80.18 79.99 79.44 78.70 79.11 79.07 78.86 79.46 78.02 78.54 78.04 78.70 78.06 79.52 78.42 79.45 79.24 79.60 80.13 78.70 79.31 78.56 77.26 79.11 78.38 79.14 78.47 79.01 79.23 79.47 78.22 78.57 78.50 77.78 77.55 78.64 79.65 79.02 78.21 79.27 79.30 80.27 79.71 78.45 79.01 78.20 79.09 78.50 76.88 76.56 76.37 76.03 76.56 76.63 77.01 77.20 77.12 78.04
75.84 76.32 76.18 76.20 74.68 75.06 75.07 74.24 75.07 76.02 76.03 75.98 75.84 75.79 76.23 77.63 76.93 77.95 77.39 77.58 78.10 78.00 78.12 78.39 77.71 79.11 80.14 79.40 81.06 81.40 81.09 81.14 81.57 82.04 81.11 80.84 81.03 82.11 82.87 81.35 81.57 81.61 80.92 80.66 80.45 79.36 79.00 78.79 80.04 78.13 79.45 78.43 78.92 78.55 78.79 79.41 78.46 78.97 80.19 79.31 79.47 79.45 78.46 78.59 78.98 78.73 78.13 79.27 78.76 78.25 79.78 79.83 78.65 77.93 78.15 77.46 77.98 79.28 80.06 78.42 79.17 79.36 79.71 80.40 80.60 79.74 78.93 78.58 77.78 78.78 77.17 76.35 75.92 75.89 76.87 76.61 77.14 77.64 77.38 77.47
76.80 75.30 75.44 76.07 75.87 74.26 74.68 74.26 74.22 76.15 77.02 77.03 75.81 74.92 75.96 77.03 77.94 77.28 76.79 76.53 77.55 77.71 77.77 77.91 78.53 79.34 79.15 79.16 79.82 81.33 81.58 80.91 81.93 82.61 82.31 81.97 80.89 81.94 81.77 81.77 82.46 80.87 81.13 81.31 80.84 80.11 78.51 80.01 78.93 78.30 78.46 79.61 78.09 77.88 77.76 78.66 78.79 78.61 80.27 80.06 78.86 79.24 78.77 77.87 78.91 78.68 78.66 79.56 78.67 78.81 79.11 79.81 78.95 77.85 77.83 77.72 78.37 78.77 78.36 79.54 78.98 78.81 79.41 80.60 81.03 79.22 79.88 78.27 78.74 77.31 77.71 75.92 75.72 76.62 77.35 76.19 76.71 77.34 76.46 76.93
75.94 75.36 76.08 76.52 76.32 75.52 74.50 74.79 74.05 75.62 76.50 75.96 75.23 75.49 74.87 76.36 76.62 77.75 76.12 75.83 77.57 77.05 77.05 78.30 77.70 79.40 79.32 78.68 80.01 80.53 81.84 81.21 81.13 82.88 82.84 81.29 80.75 81.75 81.95 81.54 82.64 81.96 80.95 81.63 81.41 80.71 80.28 80.30 80.37 79.77 78.40 78.66 77.66 77.06 77.61 78.79 79.71 79.77 79.74 80.45 79.56 78.68 78.91 79.32 78.17 79.15 78.63 79.39 79.17 79.12 78.43 78.12 79.17 77.45 77.59 78.21 77.65 78.40 79.10 78.37 78.69 79.10 78.65 80.47 81.26 80.94 79.33 79.73 78.81 78.97 77.59 76.33 76.91 75.65 75.52 76.96 76.99 76.84 77.02 75.95
75.46 75.22 75.37 76.02 75.46 75.61 74.28 73.71 73.85 75.11 76.03 75.24 76.00 76.01 75.08 75.77 77.16 76.12 76.87 76.97 76.55 76.26 77.98 78.69 78.69 79.03 79.07 78.92 79.85 80.19 81.29 81.18 81.06 81.93 83.07 81.30 82.07 82.56 82.65 81.33 81.55 80.85 80.59 80.42 81.28 81.23 81.23 81.12 80.67 79.32 79.28 79.33 79.11 78.46 78.54 77.98 78.28 79.40 80.18 80.30 79.89 79.84 80.15 78.79 78.83 79.58 78.21 78.58 79.72 78.66 78.79 78.86 77.48 78.68 78.91 77.42 77.69 77.40 77.56 77.82 79.23 78.72 79.77 79.06 80.84 79.60 80.42 78.73 78.59 79.15 78.95 77.22 75.77 75.09 75.38 76.19 75.90 77.42 76.87 76.15
76.28 74.95 76.35 75.98 75.04 74.11 74.82 74.85 74.14 74.53 74.93 74.90 74.74 74.85 75.78 75.26 75.62 77.17 76.11 76.12 76.99 77.33 77.87 79.01 79.70 79.78 79.99 78.97 79.25 80.79 80.52 80.68 80.51 81.22 82.63 82.81 82.26 82.14 82.58 82.55 81.15 80.28 80.88 80.73 79.93 80.88 80.73 81.34 81.56 79.69 79.28 79.95 78.78 78.41 78.80 78.48 78.19 79.28 79.79 79.70 79.86 79.24 80.02 79.18 79.18 79.84 79.42 79.51 78.24 78.57 79.33 78.72 77.81 77.79 77.64 78.15 78.24 77.00 78.11 77.45 77.81 78.07 79.07 80.16 79.19 80.92 80.14 78.55 77.96 78.37 79.36 78.06 76.20 75.99 76.40 75.04 77.03 76.15 75.74 76.25
74.96 76.06 76.41 76.55 75.64 75.66 75.02 74.91 74.69 75.04 74.36 75.33 75.31 74.31 74.16 74.25 75.11 75.95 75.97 75.36 76.29 77.94 78.40 77.96 78.30 79.39 80.08 80.22 79.88 80.64 80.13 80.47 81.69 81.26 81.86 81.92 82.27 81.53 81.79 82.83 80.76 79.98 80.00 79.61 80.40 79.60 81.39 81.14 81.07 80.70 80.62 79.30 79.52 79.57 79.11 78.12 79.31 79.15 79.59 79.89 79.58 78.69 78.98 78.92 79.60 78.89 78.50 79.87 79.61 78.92 78.01 77.70 77.92 77.27 77.93 77.83 78.06 78.44 77.27 78.63 77.67 77.93 79.67 78.98 78.92 78.84 80.03 79.61 77.89 79.04 79.68 78.54 77.31 77.29 75.43 75.81 76.93 77.41 75.76 75.76
74.87 75.56 76.21 75.66 75.51 76.07 74.62 74.26 75.45 74.62 74.41 75.09 74.71 75.27 75.45 75.65 74.79 75.98 75.08 75.39 76.58 76.45 76.98 76.92 77.77 78.60 79.85 80.62 80.81 79.96 80.85 80.81 80.20 81.58 81.52 82.55 81.93 81.48 81.68 81.20 81.04 81.20 79.38 79.71 79.45 81.17 81.55 81.88 81.11 81.54 80.90 79.67 79.78 79.16 79.59 79.25 79.91 79.35 79.78 79.33 78.55 78.09 78.99 79.82 79.54 79.18 79.87 80.39 79.42 79.01 79.38 77.86 77.85 78.01 77.46 77.27 77.44 77.29 77.07 78.04 78.44 78.60 79.63 79.77 78.51 78.68 78.55 79.97 80.03 79.52 78.91 78.08 77.91 77.28 77.39 76.45 77.34 77.48 77.20 75.76
75.25 75.62 75.35 75.15 75.07 75.68 74.85 74.71 74.45 74.98 75.21 75.73 76.01 75.54 76.12 75.56 74.52 74.61 75.09 75.80 75.49 76.10 75.68 77.27 78.33 77.85 78.25 80.36 80.89 80.29 79.90 80.41 81.26 81.23 81.45 81.70 81.19 80.95 81.80 80.79 80.57 81.25 80.31 79.54 79.39 80.73 82.29 82.25 80.83 81.02 80.42 79.67 79.85 79.05 79.77 79.00 78.64 79.75 79.75 78.66 78.49 77.86 78.38 78.88 79.92 78.65 79.13 80.13 79.91 80.36 79.06 78.61 77.98 77.49 76.89 77.71 77.23 76.46 77.90 77.08 78.68 77.98 78.74 78.26 79.01 79.09 78.49 79.75 79.25 80.13 78.71 78.28 78.88 78.51 77.30 76.54 77.72 77.28 76.65 75.62
76.27 75.97 75.05 75.99 75.38 76.18 75.31 75.17 75.03 74.08 75.88 76.45 76.68 75.39 75.94 76.43 74.78 73.84 73.93 75.98 76.33 76.14 76.47 76.15 77.91 78.42 78.49 79.69 79.37 80.75 79.51 80.15 81.50 80.70 80.83 80.85 81.11 81.50 80.96 80.63 79.85 81.32 80.10 79.98 79.98 81.29 81.66 81.63 81.42 80.34 80.34 79.54 80.46 80.24 79.62 79.94 79.65 79.61 79.76 79.97 79.48 79.50 78.82 79.77 78.44 78.05 78.96 80.52 79.60 79.50 80.19 78.09 78.84 76.83 76.49 77.02 77.22 78.13 77.00 77.54 78.15 79.07 78.08 77.74 79.49 79.67 78.73 79.84 79.43 79.05 78.84 79.64 78.16 78.62 77.78 77.75 76.70 76.80 76.29 76.31
76.26 76.23 74.86 75.83 75.69 76.08 75.59 74.57 75.18 75.35 75.41 76.54 77.03 75.74 75.11 74.72 74.19 73.31 74.76 74.29 76.61 76.32 75.96 77.29 76.51 77.87 79.24 79.56 80.07 79.63 80.30 80.46 81.03 80.39 81.27 81.41 80.23 80.49 80.88 80.96 80.40 81.08 81.00 79.96 79.41 81.43 81.60 82.45 82.23 81.00 79.41 80.77 79.56 79.31 78.87 80.05 80.58 78.92 79.68 79.63 79.21 79.28 79.37 79.10 79.79 79.19 79.39 79.31 80.33 80.84 80.12 78.38 78.90 78.22 76.77 77.57 77.49 77.69 77.32 77.20 78.11 78.04 77.29 77.32 78.50 80.00 80.19 80.07 78.69 79.19 80.07 78.48 77.79 78.95 78.84 78.19 76.97 77.49 76.93 76.34
76.78 75.89 74.99 76.07 76.49 75.73 76.38 75.98 74.94 74.42 75.74 75.75 76.32 76.85 75.85 75.37 73.44 74.01 74.24 75.35 76.10 76.36 75.58 75.94 77.72 77.59 77.75 79.74 80.42 81.10 81.03 81.01 81.03 81.58 81.91 80.36 79.89 80.47 81.12 80.38 80.49 81.45 81.64 81.49 81.16 80.08 80.89 82.35 81.16 80.99 79.58 78.85 79.59 78.73 78.66 79.37 80.42 79.86 79.42 79.24 79.28 79.76 79.78 80.14 79.42 80.43 78.93 78.70 78.89 80.05 79.97 79.17 78.45 78.84 77.54 77.22 76.51 77.89 78.47 78.16 77.65 78.34 78.46 77.56 77.66 78.83 79.40 78.83 78.41 79.77 79.78 79.66 79.13 77.77 78.76 77.27 78.18 76.97 76.39 77.47
77.09 75.93 75.72 76.19 76.82 76.90 75.72 75.22 75.91 76.03 76.12 75.64 75.59 75.80 76.49 74.70 73.78 73.92 74.85 74.81 75.04 76.37 75.50 75.27 76.15 77.19 78.95 78.47 79.54 80.84 80.15 81.27 81.22 81.33 81.52 80.18 80.56 80.81 80.91 80.14 81.30 81.85 81.31 81.62 81.59 80.64 81.67 80.66 81.22 80.61 79.31 79.96 79.51 78.27 78.21 78.58 80.48 79.52 79.18 79.84 80.19 78.97 80.19 79.02 80.62 80.48 80.00 78.78 78.79 80.12 78.99 78.77 79.07 77.89 78.03 77.51 77.72 76.84 77.47 77.60 77.26 78.54 77.23 77.08 78.24 77.83 78.67 78.45 78.69 78.64 78.74 78.72 78.63 78.94 77.82 78.14 77.22 77.05 77.72 77.25
77.27 76.47 76.48 76.03 77.46 77.18 75.64 76.17 76.58 76.87 76.01 76.64 75.71 76.33 75.07 74.89 73.46 73.42 74.15 75.57 74.68 76.00 76.58 76.09 77.02 77.61 77.89 78.93 79.92 79.51 80.76 81.51 81.59 81.16 80.32 80.65 80.40 80.06 80.92 80.25 81.26 82.25 80.91 82.30 82.38 81.12 81.23 81.76 80.37 79.89 79.49 79.54 78.34 79.28 78.65 78.95 79.20 79.55 79.46 79.49 79.47 79.19 78.37 80.07 80.73 79.53 79.13 78.51 78.18 79.95 78.48 77.87 79.08 78.40 77.30 77.44 76.98 76.60 77.72 78.06 78.02 77.74 77.96 77.64 76.91 78.08 78.28 79.11 78.92 77.93 79.35 78.33 79.35 78.44 78.37 78.84 76.86 77.30 77.24 78.21
76.07 76.18 76.34 77.53 76.87 77.02 76.73 76.00 75.51 75.81 77.04 77.29 75.99 75.75 75.56 74.42 74.00 74.18 73.68 75.23 75.21 75.95 75.33 76.46 75.84 78.00 77.62 78.88 79.37 80.20 79.98 80.21 81.04 81.39 80.28 80.95 81.19 79.83 81.23 81.00 80.86 81.05 82.28 81.68 82.44 82.14 80.84 81.64 81.05 80.57 79.30 78.33 78.80 78.09 79.74 79.77 79.33 79.05 79.72 79.41 78.43 79.85 80.19 79.41 79.56 78.93 78.03 78.82 78.66 79.13 78.98 78.60 79.42 79.22 77.90 76.90 77.22 76.56 76.26 78.28 77.33 77.75 78.40 77.47 78.21 78.67 77.89 78.99 78.98 78.57 78.48 78.61 78.51 79.62 79.09 78.48 78.05 76.48 77.66 77.35
76.66 76.06 75.64 76.96 76.65 76.23 76.86 75.51 76.50 75.43 76.14 75.62 76.37 76.07 74.91 74.60 73.85 74.34 73.64 75.10 75.73 75.06 76.25 75.98 76.64 77.17 78.30 79.23 78.61 79.72 79.58 79.48 80.56 81.29 80.35 81.16 81.08 80.24 79.93 80.90 80.55 80.21 81.44 81.75 81.76 81.40 82.19 80.74 80.09 80.72 80.49 79.00 78.97 78.53 78.68 79.58 79.49 79.77 79.73 78.53 79.96 80.60 80.14 80.30 78.65 78.25 79.04 78.53 78.88 79.46 79.86 79.64 78.26 79.33 79.26 77.46 76.74 76.26 76.77 76.39 77.95 77.18 77.83 77.56 78.88 78.34 78.69 77.98 78.46 78.56 79.37 78.57 78.37 79.57 78.56 79.51 78.83 77.02 76.75 77.08
77.12 77.20 75.77 75.68 76.84 77.03 75.49 75.60 76.30 75.11 75.42 76.35 76.34 76.06 75.66 73.93 74.84 74.33 75.17 75.54 75.67 75.87 75.04 75.25 76.23 77.64 78.30 78.29 78.13 79.64 80.42 80.81 80.48 81.63 80.40 81.58 81.11 81.14 80.68 80.35 81.49 81.09 80.97 81.48 82.60 81.44 82.38 80.93 81.17 80.21 80.74 80.34 79.51 79.76 79.33 78.37 78.51 79.66 78.86 78.44 79.08 79.40 79.60 79.85 78.63 78.97 78.70 79.12 78.57 78.32 80.30 80.09 78.47 77.95 77.50 78.01 77.76 76.81 77.17 77.05 76.54 77.41 78.41 77.69 77.15 78.17 79.15 78.56 78.38 78.63 78.30 79.22 78.70 79.50 79.03 78.83 79.35 78.04 76.34 77.22
76.46 75.64 76.64 76.22 76.58 77.37 77.36 77.13 75.34 75.59 74.84 75.92 76.65 75.64 75.13 74.88 75.14 75.80 76.19 75.89 76.63 76.39 74.94 75.46 75.32 76.33 77.77 78.40 79.12 79.64 81.02 80.81 80.73 80.17 81.07 80.97 80.68 81.75 80.66 81.20 81.42 81.27 80.65 80.69 82.52 82.93 81.54 82.03 81.57 81.69 81.62 80.79 80.67 80.55 78.85 79.19 78.87 78.65 79.09 79.09 79.05 80.07 79.24 79.39 80.13 79.87 79.82 78.65 77.90 79.48 80.35 79.16 79.00 77.41 76.85 77.36 78.09 77.16 76.37 77.25 76.56 77.41 76.84 78.12 78.66 77.99 78.00 79.23 78.40 79.23 79.39 79.15 79.13 79.77 80.19 78.53 78.47 78.12 76.93 76.86
75.34 76.78 77.19 75.72 76.57 77.20 77.27 75.79 75.45 74.98 74.67 76.12 75.45 74.95 75.06 75.95 74.90 75.66 75.57 76.67 77.26 76.41 75.32 74.99 75.86 75.75 76.92 77.25 77.60 79.73 79.76 80.09 79.53 80.15 80.92 81.61 81.65 80.38 80.65 81.57 81.95 80.42 79.83 80.92 80.97 82.95 82.71 82.27 81.55 81.86 81.74 81.06 79.95 80.38 79.85 78.36 78.55 78.62 78.17 78.13 79.38 79.96 78.68 78.57 78.56 79.02 79.54 78.24 79.04 78.21 79.20 79.74 79.73 79.08 76.79 78.25 77.97 77.29 77.28 75.96 76.70 76.06 77.54 78.01 78.72 78.69 78.36 77.54 78.25 79.65 79.01 79.70 79.00 79.49 78.90 79.30 79.39 78.21 77.09 76.39
75.60 76.51 76.65 75.65 76.72 76.67 76.03 76.34 75.89 74.43 74.74 75.28 75.20 75.56 75.02 75.94 75.60 74.75 75.51 75.50 76.60 76.73 76.56 74.91 74.78 76.24 76.95 76.58 77.18 77.73 78.74 79.32 80.00 80.36 79.83 81.78 80.50 80.12 81.30 81.62 82.36 81.91 80.64 79.64 81.84 81.93 82.09 82.69 82.37 81.39 81.87 81.54 80.78 80.47 78.92 78.76 78.67 77.66 77.24 77.55 78.90 78.37 78.27 78.91 78.88 79.46 79.21 79.39 79.40 79.03 78.26 80.18 79.51 78.73 78.83 78.28 78.89 77.20 77.02 76.60 77.16 77.24 77.30 77.50 77.48 79.20 78.13 78.24 79.18 80.00 79.25 80.19 80.17 79.02 80.06 79.42 78.35 78.78 76.65 76.65
75.43 75.57 76.46 75.75 75.38 77.16 75.80 76.83 76.12 74.64 75.16 76.05 75.87 75.48 74.71 76.03 75.46 74.64 75.71 76.16 75.94 75.76 75.66 74.71 76.16 75.41 75.87 75.82 77.42 77.58 77.85 79.15 79.05 79.63 80.15 79.59 79.55 80.52 80.17 81.75 82.79 81.88 81.12 80.40 81.74 81.97 82.17 82.94 83.30 81.74 82.53 80.70 80.72 80.30 79.16 78.47 77.83 78.78 78.14 78.71 78.17 77.85 78.32 78.43 79.61 79.22 80.18 79.98 79.03 79.29 78.54 79.57 78.81 79.37 77.91 79.39 78.43 77.91 77.02 76.07 77.11 77.48 76.41 77.18 77.82 77.41 78.63 78.29 79.49 78.89 79.53 80.29 79.84 80.21 79.23 79.87 79.76 78.42 78.35 76.45
76.10 76.50 75.12 75.18 76.68 77.19 76.77 76.11 76.54 75.60 75.27 76.31 75.78 75.42 74.61 74.85 75.55 74.52 75.52 76.38 76.21 76.80 75.87 75.78 74.95 75.27 74.61 76.80 77.50 77.48 78.13 79.12 80.15 80.14 79.23 78.96 79.40 80.23 81.04 82.15 82.24 81.48 81.52 82.08 82.41 82.50 82.81 83.57 82.05 83.40 82.73 82.10 80.06 81.03 78.82 77.94 79.09 78.38 79.09 79.30 77.98 78.06 78.85 79.40 78.58 80.02 80.68 80.17 79.82 79.17 79.86 79.42 80.02 78.65 79.82 78.31 78.96 77.86 76.63 76.37 76.82 76.72 76.13 77.57 77.24 77.58 77.97 77.68 77.85 78.04 79.20 80.17 80.67 80.39 80.22 80.24 78.59 78.42 78.73 76.97
76.03 76.01 76.02 75.39 76.55 76.76 76.80 76.93 75.46 75.05 76.36 75.70 76.78 76.45 74.43 74.21 75.18 75.97 75.84 76.81 76.69 76.46 76.16 75.80 75.98 75.19 76.28 76.50 78.02 78.42 78.92 78.79 80.17 79.16 80.22 78.86 78.79 80.12 81.65 81.92 82.05 81.20 81.18 82.01 82.23 81.84 82.80 82.56 82.47 82.22 83.35 81.26 80.50 79.51 79.76 79.54 79.09 79.08 79.34 78.48 79.22 79.17 79.58 78.72 80.13 79.55 79.61 80.63 80.89 80.13 79.50 79.22 79.84 80.52 78.35 78.84 77.57 77.56 76.83 76.14 76.75 77.58 76.89 77.76 76.91 77.33 76.97 77.77 77.90 77.27 78.93 80.31 81.00 81.29 79.57 79.90 79.01 79.34 77.99 77.28
76.80 75.48 76.12 75.02 76.76 75.79 75.83 76.34 76.90 75.20 74.99 76.13 76.85 77.00 76.43 75.57 75.30 74.76 75.09 75.21 76.72 77.05 75.95 76.28 75.02 75.32 76.33 77.36 76.62 78.64 77.87 78.38 79.35 79.39 80.37 80.02 79.47 80.09 81.83 82.31 81.55 81.65 81.06 80.95 81.91 81.53 82.12 83.16 82.30 82.28 82.35 81.03 81.16 79.41 80.47 80.45 79.49 79.85 80.16 79.65 79.37 78.34 78.86 79.04 78.84 78.60 80.29 79.51 79.52 80.89 80.55 79.06 79.05 78.62 79.48 78.80 77.82 78.06 77.88 76.85 77.49 78.02 77.23 77.83 76.66 76.37 77.38 76.51 76.90 78.18 79.08 79.18 80.28 80.27 79.76 80.36 80.54 78.85 77.53 78.31
75.48 75.33 75.47 75.04 75.78 75.90 75.14 76.37 75.28 75.92 75.11 75.06 76.83 77.13 76.94 75.84 74.86 75.75 74.22 75.82 76.74 77.11 77.52 75.31 76.19 76.07 77.27 77.62 77.81 78.24 78.95 78.90 78.47 79.11 80.14 79.04 79.62 80.11 81.84 82.09 81.62 81.45 81.04 82.04 81.75 81.80 82.97 83.56 81.84 82.17 81.41 81.04 81.23 80.33 79.88 80.22 80.42 80.66 79.23 78.93 79.64 78.47 79.11 78.27 78.39 79.29 79.74 80.43 80.99 79.95 79.62 79.47 78.08 78.14 78.08 78.21 77.62 77.66 78.44 77.19 77.24 77.80 78.45 77.92 76.47 76.29 76.95 76.21 77.57 78.59 77.85 79.37 79.82 80.56 79.99 79.37 80.57 80.35 79.37 79.19
74.52 74.79 75.38 74.73 75.85 75.25 74.72 74.41 75.32 75.59 74.50 75.37 76.61 77.70 76.36 75.08 75.64 74.81 74.38 75.32 76.44 76.89 76.94 76.75 75.36 76.13 76.46 77.35 77.12 77.29 78.69 78.31 79.10 78.57 78.36 78.51 79.39 79.93 81.84 82.36 81.91 80.75 81.11 81.33 81.56 82.99 82.25 82.47 82.21 81.40 81.62 81.17 81.40 80.73 79.70 79.50 79.86 80.78 78.98 78.52 78.79 79.98 79.88 78.35 78.46 78.25 80.20 79.45 80.93 79.83 78.97 79.11 78.64 77.80 77.68 77.59 77.65 77.73 77.51 77.65 78.08 78.63 78.51 77.05 77.02 77.38 77.45 77.70 78.16 77.40 78.20 78.46 79.18 79.81 80.01 79.70 80.73 79.53 79.72 78.50
75.19 75.39 74.89 75.25 75.66 74.50 74.66 74.37 74.20 75.70 74.94 75.36 76.84 77.32 76.67 75.08 75.54 75.23 75.86 74.75 75.00 75.42 77.00 76.81 76.43 76.23 75.76 76.36 77.77 78.65 78.70 78.10 78.62 78.61 78.81 77.80 79.74 80.10 80.24 82.42 81.14 80.58 81.07 81.05 81.49 83.01 82.64 82.83 81.32 80.78 80.33 80.92 80.82 81.27 80.46 80.69 81.11 80.54 78.81 78.13 79.36 78.65 80.14 79.91 78.48 78.93 79.85 80.24 80.38 80.94 80.50 80.22 79.83 78.88 78.49 77.72 78.03 78.04 77.11 77.57 77.70 78.62 78.64 78.78 76.72 77.99 77.33 77.18 77.30 77.94 78.58 78.02 78.02 78.30 78.67 79.99 80.90 79.66 78.40 79.13
74.63 75.08 76.00 76.07 75.45 75.32 75.43 73.72 74.02 74.70 74.38 75.19 75.62 76.11 76.11 76.05 74.55 74.59 75.02 75.42 75.20 75.35 75.56 75.90 76.33 76.50 76.87 76.37 78.23 78.93 79.23 78.71 78.74 79.07 79.29 78.74 79.81 80.75 81.55 80.58 80.20 81.48 81.83 81.66 82.40 83.21 82.55 83.22 82.11 80.99 80.58 81.20 80.61 81.38 81.75 80.69 80.74 79.52 78.44 79.42 78.65 79.62 79.80 80.34 80.06 80.05 80.31 80.71 80.58 79.92 80.82 80.77 80.06 79.58 79.59 77.73 78.12 78.39 78.03 77.66 78.19 79.02 77.80 78.36 77.97 76.63 77.63 77.81 78.13 77.63 77.66 78.12 79.11 79.11 78.59 80.37 79.83 80.05 79.05 78.52
74.23 75.85 76.46 76.56 75.59 76.32 76.05 74.06 74.98 74.66 73.87 74.25 75.80 75.02 75.53 75.19 74.21 74.74 75.88 75.45 76.04 74.71 74.88 76.53 75.39 75.95 76.83 76.91 77.27 78.61 79.15 78.59 78.65 78.86 79.35 79.52 79.34 79.86 79.77 80.92 81.44 82.07 81.53 82.72 83.30 83.35 82.85 83.01 82.85 80.70 80.13 80.55 79.95 80.74 80.71 80.07 80.01 79.60 78.66 78.05 79.42 79.50 79.74 79.95 80.17 79.53 79.61 81.25 80.12 80.42 80.40 81.24 79.86 78.95 78.84 79.03 79.22 78.51 77.69 77.87 78.53 77.86 77.27 77.30 78.54 77.06 78.02 77.39 77.88 77.07 76.79 78.38 78.60 78.98 79.62 79.25 78.89 79.87 80.13 79.22
75.12 75.94 76.98 76.78 76.86 75.27 75.05 75.95 75.60 75.77 74.36 74.17 75.37 76.32 75.93 75.13 74.04 73.81 74.92 76.37 76.19 75.43 74.99 74.78 75.58 76.64 75.89 77.12 76.91 77.24 78.49 79.66 79.45 78.29 78.02 78.46 78.30 79.52 79.74 81.02 80.67 80.96 81.97 83.25 83.55 82.68 82.31 82.97 82.36 82.03 79.98 80.89 81.31 81.64 81.09 80.41 79.66 78.86 79.56 79.41 79.12 79.72 78.90 79.14 80.43 79.91 79.09 79.50 80.23 81.23 80.88 80.46 80.87 78.87 79.31 78.50 79.04 79.52 78.10 78.81 77.72 77.87 77.74 76.97 78.41 77.34 76.66 76.62 76.38 77.77 78.18 78.95 78.34 78.17 78.64 80.02 79.77 80.51 80.67 79.72
75.25 75.26 77.04 76.32 77.09 75.18 74.99 75.65 75.38 75.05 74.72 73.87 74.57 74.56 74.63 75.37 73.76 74.90 75.01 74.81 75.09 74.59 75.00 74.82 74.95 74.84 76.37 76.01 77.52 77.97 77.55 77.91 78.66 79.09 79.36 79.50 78.56 78.20 80.25 80.37 81.17 81.25 81.02 83.06 82.80 82.12 81.67 82.00 82.58 81.17 80.08 80.67 80.39 81.39 81.31 80.80 79.55 79.73 78.66 78.36 80.08 79.00 79.83 79.88 80.54 80.17 78.80 78.63 79.05 79.46 79.57 79.56 80.94 79.33 78.91 78.23 77.90 79.30 78.02 78.58 78.66 78.58 77.01 76.65 77.11 78.27 76.35 75.96 77.49 77.41 78.95 78.38 78.91 78.68 78.62 79.55 79.69 80.14 80.67 80.07
74.51 74.63 74.93 75.51 75.29 76.29 75.50 74.74 75.09 74.86 74.04 74.28 74.65 75.54 75.49 74.88 75.04 74.15 74.25 74.60 75.34 75.66 75.68 75.79 75.88 75.64 76.43 76.94 77.19 77.15 77.46 77.15 78.68 79.27 79.53 79.22 78.78 78.44 80.14 80.86 81.21 81.56 80.84 81.29 81.65 83.03 82.89 82.98 83.16 81.28 81.67 80.86 80.05 80.78 81.68 81.81 79.71 78.49 79.35 79.76 79.05 79.40 80.04 79.35 80.59 79.02 78.45 79.01 78.84 79.86 78.61 80.65 80.45 78.91 78.41 79.04 79.32 78.91 78.27 77.98 77.89 78.65 78.33 76.28 77.27 77.31 76.90 77.14 76.59 78.05 78.66 78.39 79.00 78.89 79.50 80.12 78.98 79.11 79.13 79.03
74.92 74.03 75.03 75.06 74.72 75.31 75.97 74.44 75.60 75.19 74.70 75.30 74.13 74.39 75.12 74.56 74.70 74.10 73.86 74.70 75.97 74.93 74.99 76.27 76.36 76.73 75.49 76.76 77.17 77.00 76.52 77.79 78.56 79.41 78.62 78.04 78.22 78.38 80.31 80.32 81.23 81.91 81.07 80.80 81.35 82.61 82.02 81.90 81.72 82.20 80.51 81.68 81.32 81.79 81.81 81.85 80.88 78.61 79.39 78.41 78.97 79.08 80.22 79.10 79.15 80.23 79.71 79.54 80.26 78.71 79.66 80.29 79.63 79.12 77.88 78.34 79.29 79.66 79.56 79.12 79.16 79.28 77.62 78.12 77.03 76.30 77.51 77.43 77.32 77.99 77.88 78.68 78.51 79.33 78.67 79.50 80.09 79.20 78.30 79.01
74.57 74.77 75.09 74.92 74.73 74.97 74.25 75.35 75.07 75.31 74.58 75.14 74.11 75.26 74.52 74.46 75.18 75.17 74.30 74.48 74.06 75.35 75.78 76.55 75.61 76.75 76.65 76.58 77.36 77.70 77.92 77.44 77.91 78.18 78.94 79.06 79.30 79.40 80.05 81.24 81.20 80.56 80.45 81.77 82.07 82.75 81.63 82.12 81.92 82.15 81.29 80.62 80.80 81.52 81.54 81.57 79.94 80.52 79.75 79.83 79.59 79.44 78.67 78.90 79.11 79.03 80.62 79.43 78.91 79.24 79.72 80.36 79.29 79.06 79.49 78.66 79.29 78.74 80.14 78.99 78.63 79.53 77.69 78.44 77.55 76.30 76.70 76.60 78.24 77.04 77.08 78.62 78.74 78.85 78.56 79.96 80.67 79.84 78.23 77.82
75.61 74.57 73.91 74.14 74.41 74.90 74.46 75.31 75.18 74.57 75.47 74.33 75.32 75.69 75.80 74.32 75.76 75.69 74.94 74.10 73.99 75.26 75.87 75.86 75.79 75.91 77.41 76.22 76.97 77.57 77.05 77.08 77.07 78.85 78.03 78.81 79.08 80.33 80.96 79.92 80.86 81.17 80.07 80.85 82.58 81.39 82.50 82.70 81.23 81.09 81.18 81.75 80.37 81.11 81.49 81.21 80.27 81.05 81.10 80.11 79.64 78.77 79.26 79.07 78.08 79.45 79.09 78.57 79.71 79.43 79.14 79.15 80.42 79.50 79.06 79.19 78.56 79.08 78.37 79.07 79.96 78.39 78.04 78.23 78.30 77.32 76.80 76.20 77.56 78.14 77.79 77.59 78.01 78.41 79.41 80.59 80.04 79.94 78.16 77.72
76.08 76.03 74.44 73.65 73.68 75.35 74.72 75.01 75.27 74.26 75.47 74.53 74.37 76.07 75.24 75.82 75.89 75.15 74.43 74.04 75.11 74.49 74.63 76.28 75.27 76.89 77.43 77.60 76.18 77.37 77.46 76.70 77.15 77.81 77.74 77.51 79.56 79.85 80.89 81.16 81.46 81.09 79.95 81.74 82.44 82.42 82.22 81.91 81.31 81.54 80.97 81.39 80.21 80.79 80.26 81.01 80.72 81.40 81.76 81.32 80.48 79.93 78.52 79.34 78.92 78.38 78.07 77.96 78.66 78.57 79.02 79.63 79.10 79.39 78.71 79.18 79.31 78.96 79.75 78.79 79.02 77.97 78.13 79.05 77.88 78.00 77.34 76.16 76.96 76.65 78.05 78.26 77.98 78.76 79.51 80.33 79.36 80.27 79.48 77.49
75.21 74.90 74.82 74.17 73.39 74.23 75.53 76.12 75.19 74.34 75.29 75.35 74.74 75.04 74.99 76.42 76.19 75.67 74.85 75.41 74.26 75.35 75.31 75.42 75.17 75.69 77.09 76.97 77.64 77.79 77.34 77.56 77.52 76.73 77.47 78.70 78.73 79.43 79.53 81.35 81.23 81.19 80.55 81.95 82.11 81.83 82.80 81.35 82.18 80.66 80.80 81.82 80.26 80.39 81.15 79.83 79.92 80.78 81.24 81.91 81.67 80.56 79.40 78.60 78.41 77.50 77.63 78.19 79.29 78.87 79.04 78.74 80.00 79.31 78.40 78.32 79.11 78.88 78.52 78.62 77.72 77.73 78.30 78.67 77.89 77.97 78.29 76.86 76.04 76.77 77.64 78.19 79.03 79.65 79.24 79.39 80.26 80.67 79.43 78.37
75.25 75.49 75.67 74.57 73.89 74.89 75.51 74.85 75.38 76.04 75.34 75.16 75.89 75.48 75.57 75.41 75.11 75.34 76.25 74.44 74.26 75.51 74.72 75.86 76.50 75.28 75.32 76.35 76.64 78.26 76.98 78.02 77.89 76.89 78.26 78.69 78.68 79.03 79.54 79.86 80.10 81.58 81.12 81.91 81.86 82.60 82.90 83.19 81.65 80.66 80.75 80.35 80.93 80.45 80.54 80.89 79.47 80.22 81.11 81.19 80.79 81.06 80.59 79.19 78.95 78.87 78.08 78.16 78.90 79.26 78.64 78.30 79.13 79.56 78.48 79.36 78.96 78.02 79.16 79.13 78.74 77.99 78.54 78.98 78.89 77.67 77.43 77.78 76.66 76.02 77.85 78.30 79.70 79.08 78.99 80.25 79.70 79.98 80.33 80.31
75.88 74.88 74.57 75.28 75.42 74.49 75.27 76.25 75.60 75.45 74.54 74.66 75.47 75.53 75.10 75.67 76.32 76.36 75.22 74.23 74.90 74.69 75.83 75.73 76.80 76.06 75.71 76.23 77.03 76.55 77.36 78.30 77.33 78.16 78.11 77.69 78.62 78.00 79.73 80.35 80.06 80.47 81.21 81.71 81.67 81.60 83.43 83.33 82.86 81.52 81.44 80.40 79.81 80.57 81.60 79.89 80.31 79.49 81.22 80.58 81.81 82.04 79.87 80.13 78.72 77.81 79.19 78.26 77.68 78.48 78.19 77.84 77.85 78.15 79.60 78.99 78.21 78.75 78.23 77.99 77.57 78.05 79.25 77.97 77.80 78.79 77.40 77.84 76.91 75.86 76.85 77.79 78.04 79.95 79.07 79.65 79.57 80.71 81.10 81.32
75.18 75.81 74.33 74.02 74.33 74.38 75.02 75.59 76.61 76.26 74.80 74.11 75.56 76.20 75.93 75.29 76.07 76.74 76.37 75.20 74.90 75.11 76.01 75.13 75.93 75.49 76.53 76.21 75.75 77.35 78.04 77.32 77.03 78.52 77.93 77.23 77.58 77.49 77.95 78.81 80.92 81.13 80.34 81.62 80.87 82.80 81.98 82.86 83.14 81.79 80.72 79.75 79.63 79.44 80.10 81.20 80.27 79.96 80.23 81.63 80.85 80.34 80.34 80.74 79.69 79.82 78.94 78.98 79.12 79.33 78.69 77.57 78.83 78.29 79.11 78.71 78.54 78.60 78.07 78.59 78.79 77.43 78.53 79.13 78.21 78.51 77.57 77.87 76.49 76.10 77.63 77.47 77.54 79.23 79.24 78.93 79.82 80.51 81.14 80.96
76.45 75.81 75.15 74.23 75.22 73.96 74.95 75.68 76.49 75.25 76.08 75.84 75.88 74.95 74.60 75.77 75.61 76.45 76.87 76.51 76.20 75.18 76.09 76.04 75.45 74.90 75.84 76.87 76.12 77.29 78.27 77.09 78.31 78.48 77.95 77.15 77.20 78.29 77.73 78.57 80.67 80.90 80.30 80.19 82.26 81.00 82.02 82.37 83.09 82.29 81.35 80.63 79.41 79.55 81.04 79.98 81.01 81.11 80.56 81.07 80.89 81.03 80.70 79.56 80.67 79.11 78.94 78.32 78.98 78.97 78.10 78.85 77.61 78.26 77.88 78.25 79.24 78.55 78.92 77.65 77.91 78.87 79.03 78.06 77.99 78.51 77.67 76.78 76.47 77.08 78.06 77.50 78.84 79.62 79.70 79.50 80.17 79.48 80.84 80.13
75.70 76.09 74.83 74.12 73.96 74.20 74.44 75.23 74.98 75.06 75.33 75.99 74.96 75.07 75.00 74.93 75.90 75.37 76.02 76.39 76.58 75.22 75.70 76.70 75.73 76.41 75.73 77.02 76.32 76.78 77.12 78.42 78.64 77.85 77.91 77.39 78.13 77.38 78.44 78.09 79.89 80.65 81.00 80.04 80.84 82.15 82.42 81.78 82.71 82.94 82.59 80.36 80.54 79.90 79.25 81.32 81.53 80.52 80.33 81.27 81.08 80.82 79.75 80.75 79.40 80.13 79.55 77.95 78.12 79.06 79.61 77.65 78.81 78.64 78.11 78.13 78.64 79.06 77.80 78.01 77.74 78.07 78.51 77.80 77.98 77.37 77.31 77.63 77.19 76.31 78.15 77.61 78.12 79.67 79.55 80.45 79.82 81.08 80.59 80.65
76.28 75.83 76.06 73.87 74.82 74.56 74.38 75.51 75.25 75.12 75.05 74.37 74.48 74.75 74.19 74.93 74.60 75.67 76.08 76.38 75.57 75.38 75.74 76.86 75.60 76.75 77.41 77.59 77.73 76.05 77.54 77.47 78.54 77.25 76.70 77.54 77.00 78.24 78.53 78.06 79.72 81.03 80.06 80.29 80.53 81.21 82.36 82.20 82.82 82.95 82.40 81.63 80.21 80.80 79.49 79.64 79.81 79.77 79.76 81.12 82.01 80.78 80.42 80.44 80.04 80.24 78.58 78.66 79.13 79.23 79.16 78.05 77.68 78.29 78.68 79.34 79.05 77.74 78.51 77.59 78.23 78.32 77.48 77.11 76.60 76.48 77.95 77.26 76.21 77.55 77.41 78.18 79.28 80.03 80.92 80.39 79.63 80.68 80.38 80.96
76.20 75.92 75.44 74.41 74.45 73.58 73.97 75.29 75.70 75.13 74.43 73.68 74.49 74.46 74.44 74.02 74.68 76.23 76.55 77.11 76.88 75.88 76.54 76.19 75.42 76.88 77.00 77.72 78.00 76.58 76.49 76.95 76.70 77.41 76.33 77.65 77.62 77.18 77.18 77.85 78.54 78.89 80.42 81.10 79.87 81.43 82.67 82.77 83.04 83.38 83.00 81.72 80.65 80.13 79.61 78.96 78.89 80.10 79.24 79.56 80.56 81.29 80.66 79.82 79.96 80.53 79.60 78.30 79.35 78.95 78.60 78.92 77.37 78.22 79.55 78.89 79.41 77.81 78.79 77.62 78.59 77.77 78.39 77.92 76.63 76.12 77.23 77.73 76.74 77.75 78.18 78.49 78.45 78.95 79.36 79.62 79.67 80.35 79.94 80.58
76.35 75.27 74.70 75.38 74.59 73.75 73.44 74.20 74.82 75.31 74.56 74.11 74.07 74.69 74.40 74.82 75.66 75.82 75.91 77.60 77.08 76.42 76.73 75.65 77.00 76.91 76.19 77.09 76.80 77.97 76.50 76.04 76.80 76.66 76.49 77.54 77.85 77.98 77.21 76.72 77.47 78.93 79.16 80.99 81.79 80.73 81.16 82.20 83.47 82.98 83.53 83.17 81.62 80.81 80.08 80.12 79.37 79.16 79.28 79.09 80.42 80.63 81.43 81.33 81.10 79.48 78.91 79.78 78.57 78.73 78.43 78.79 78.16 77.57 78.31 79.33 79.00 78.18 77.91 78.29 78.36 77.31 78.80 78.45 78.07 77.87 76.48 77.58 77.08 78.31 78.44 77.49 78.52 79.18 79.88 80.10 79.10 80.49 80.44 79.62
76.26 75.47 76.20 75.42 73.99 73.46 74.68 73.78 73.81 73.80 74.55 74.22 75.07 74.88 75.62 74.61 74.75 74.76 75.93 76.01 76.98 77.78 77.37 75.79 76.21 75.74 75.89 76.60 76.80 76.81 75.89 75.58 75.44 76.51 76.59 77.18 77.89 77.15 77.32 77.60 78.64 78.22 79.75 81.21 80.85 81.31 81.33 81.94 83.42 83.93 83.25 82.67 82.38 81.19 80.78 80.86 80.46 79.09 79.03 79.54 80.03 80.85 81.01 80.39 80.19 79.66 78.87 79.84 79.60 78.09 77.53 77.52 77.59 78.40 77.47 77.74 79.50 78.65 77.88 78.93 79.16 78.98 78.27 77.40 77.70 77.38 77.52 77.38 77.45 78.42 77.50 77.05 78.23 78.96 80.08 79.38 80.29 79.78 79.33 78.90
75.53 76.12 75.55 75.37 74.37 73.57 73.67 74.61 74.82 73.34 74.13 75.24 75.37 75.41 75.20 75.55 75.32 75.08 74.59 76.19 76.14 77.69 77.13 76.95 75.52 75.30 75.25 75.32 77.31 76.33 75.25 75.89 75.45 76.81 76.08 77.15 77.44 76.91 76.76 78.02 78.68 78.74 80.18 80.40 80.46 81.97 80.88 82.76 83.64 83.05 82.58 83.37 82.18 81.54 82.02 81.15 80.81 80.38 79.81 79.99 79.48 81.22 81.69 81.46 79.97 79.78 78.98 79.68 79.80 78.88 77.86 78.42 77.19 78.01 78.01 78.19 79.17 79.43 79.37 79.35 78.39 79.50 78.95 78.95 77.61 77.88 76.56 78.19 77.44 78.57 78.33 77.04 78.24 79.57 79.99 79.21 79.53 79.75 79.25 80.16
75.25 75.88 76.27 75.98 74.90 74.31 73.34 73.79 75.07 74.41 74.76 74.36 75.18 76.23 76.03 74.86 75.46 75.04 74.24 75.05 77.06 77.40 77.08 76.92 76.30 76.28 76.44 76.69 76.62 75.40 76.21 75.38 76.53 76.95 76.50 76.69 77.41 76.18 77.42 77.20 77.74 78.37 79.27 80.02 81.34 81.53 81.59 81.79 83.61 83.87 82.37 83.56 82.61 82.26 80.83 82.16 80.26 80.20 79.53 80.65 80.93 80.67 80.79 80.47 80.79 79.99 79.30 79.88 78.59 78.26 78.14 77.11 77.22 78.55 78.17 77.61 78.33 78.08 79.29 79.82 79.90 79.70 78.81 79.37 78.69 76.75 78.24 77.97 77.11 78.09 77.59 77.29 78.48 78.90 78.69 79.33 78.48 78.45 78.80 78.43
74.62 75.11 75.70 75.64 75.09 73.46 74.10 73.62 74.96 74.86 74.87 74.48 74.22 75.44 75.76 76.07 75.65 74.59 75.14 74.45 75.35 76.17 76.99 76.81 77.28 75.97 75.94 77.22 76.08 75.40 76.03 76.00 75.92 75.95 76.28 76.87 76.95 77.90 76.46 77.32 76.95 77.41 78.96 79.67 81.20 81.56 82.09 82.71 82.82 82.46 82.74 83.61 82.70 81.85 82.26 82.11 81.69 79.55 80.44 79.91 79.91 79.80 81.02 81.56 81.52 80.11 80.66 78.69 79.09 77.68 78.09 78.14 77.34 77.12 77.05 77.97 77.33 77.41 77.84 78.44 79.72 80.04 78.67 78.27 78.75 78.14 78.71 77.31 78.31 77.03 77.08 78.57 78.55 78.21 78.06 78.36 78.92 78.06 77.52 77.28
74.25 75.53 75.23 74.94 74.45 74.35 74.80 73.72 75.27 75.02 74.71 74.17 73.72 75.70 74.99 75.97 75.20 74.79 75.19 74.37 74.22 75.59 77.21 76.43 77.02 76.89 76.59 76.63 76.21 75.49 76.12 75.98 76.77 77.01 76.99 76.74 76.63 76.72 76.97 77.16 77.79 77.71 78.69 79.94 81.08 82.36 81.53 82.10 83.19 83.02 82.99 83.37 82.00 81.84 82.20 81.62 81.12 79.84 80.26 79.40 80.51 81.29 81.39 80.64 80.13 79.68 79.83 78.72 77.59 78.93 77.66 78.35 77.75 77.68 77.31 77.39 76.62 76.94 77.18 77.61 78.77 79.02 79.47 79.66 79.67 79.26 77.59 78.31 78.06 78.01 77.57 77.60 78.30 78.57 78.79 78.79 79.16 79.32 77.65 77.12
74.02 73.92 75.72 75.11 74.95 73.76 73.87 74.46 74.74 75.45 74.48 74.49 74.69 75.43 75.34 74.81 76.01 74.43 73.71 74.39 75.06 76.19 76.99 77.09 76.49 76.77 75.96 76.60 77.18 76.64 75.98 75.94 75.62 75.94 77.25 76.70 75.76 77.45 77.83 77.65 78.46 77.85 78.66 79.01 81.10 80.63 81.82 82.32 82.11 82.46 83.81 83.75 82.26 81.14 81.66 81.84 80.96 79.88 79.58 80.10 80.33 79.92 81.64 81.43 79.71 80.14 80.26 79.54 79.24 78.48 77.86 77.16 77.00 78.24 77.31 77.52 77.93 76.61 77.56 78.28 77.83 79.14 80.22 80.25 78.79 79.22 78.82 78.44 77.49 77.95 78.52 78.43 79.05 79.25 79.67 79.12 78.85 79.14 78.90 78.05
73.01 73.47 75.52 75.47 74.97 74.04 73.93 73.97 74.38 74.51 75.33 75.13 74.62 74.22 74.03 74.05 75.78 75.86 73.81 74.94 76.05 76.50 76.11 76.02 76.68 75.99 75.65 75.58 75.55 75.61 76.92 76.11 76.39 75.52 75.99 76.32 76.83 76.03 77.76 78.53 78.17 77.29 77.63 79.14 79.08 79.99 80.51 82.35 81.35 83.39 82.96 82.20 81.65 81.60 82.17 81.38 80.87 80.86 80.32 80.13 79.64 80.29 81.70 80.90 81.01 81.24 80.84 80.00 79.05 78.07 78.46 78.61 78.19 77.20 77.39 78.05 77.22 76.97 78.00 78.11 77.85 79.55 80.32 79.38 79.59 78.67 79.58 78.98 77.49 77.33 78.19 79.09 78.32 79.55 80.18 79.20 78.43 78.84 79.39 78.53
73.52 73.02 74.57 75.35 74.28 74.84 73.66 74.52 75.25 73.90 74.44 74.47 73.78 74.81 74.63 75.42 76.04 75.67 74.81 74.73 76.44 75.98 77.03 76.37 75.93 75.47 76.15 75.08 76.29 75.77 76.20 75.59 76.62 76.33 76.28 76.49 76.73 77.61 76.55 78.72 78.88 77.22 77.91 78.59 78.32 80.41 81.05 81.21 83.06 82.55 81.96 81.23 81.19 82.19 81.62 81.91 80.59 81.61 81.65 80.23 79.38 80.58 81.52 81.19 81.97 81.56 81.32 81.04 79.08 79.12 78.63 79.21 79.01 78.04 77.74 78.17 78.56 78.31 77.26 77.78 78.19 78.59 79.95 78.95 79.10 79.95 80.28 80.06 78.70 78.78 78.58 78.09 78.16 78.91 79.37 79.51 78.97 78.14 77.92 79.49
73.17 72.75 73.87 74.83 74.54 74.06 73.36 74.50 74.23 73.60 74.39 74.17 74.57 74.36 74.22 74.87 74.80 75.89 75.43 74.81 76.01 75.53 75.54 75.50 75.91 76.68 75.27 74.86 76.43 75.84 76.38 76.58 76.37 76.78 77.00 76.31 77.66 77.63 77.61 78.53 79.08 77.75 77.52 78.72 78.75 79.14 81.06 80.74 81.87 82.13 82.59 82.29 81.48 81.34 82.03 81.07 81.42 81.25 80.51 80.72 81.21 80.39 81.57 80.72 80.51 82.17 81.29 81.65 80.44 78.59 79.17 79.66 79.22 79.28 77.38 77.72 78.89 77.61 77.09 77.37 78.34 79.47 79.34 80.16 78.62 79.54 79.15 78.90 78.44 78.41 77.71 77.59 78.76 78.16 78.28 79.95 79.02 77.64 77.81 79.26
73.59 73.72 74.50 75.23 73.99 74.10 74.95 74.88 73.81 73.88 73.94 73.40 74.76 74.47 74.08 73.61 74.73 75.59 75.04 76.32 75.17 75.62 74.97 75.11 75.75 76.39 75.82 76.01 75.35 75.23 76.00 76.99 75.87 76.52 77.10 77.78 76.37 77.39 76.85 78.39 77.47 78.29 77.86 78.76 79.69 79.16 80.13 80.67 80.58 80.84 82.62 82.59 81.12 82.04 81.77 81.04 80.43 81.21 81.07 80.44 80.00 81.78 80.43 81.02 81.76 81.05 80.92 82.05 81.00 80.72 79.22 79.03 78.88 78.79 78.54 77.79 78.28 78.48 78.29 78.10 78.16 79.06 79.09 79.08 78.82 79.71 79.36 79.94 79.15 78.11 77.78 77.11 78.08 79.05 79.06 79.84 79.96 78.11 78.14 78.68
73.89 73.32 75.02 75.17 74.60 75.07 74.10 75.31 74.33 73.96 73.14 74.08 73.59 73.96 74.42 75.16 74.10 74.01 75.79 75.01 75.12 75.62 74.56 74.59 76.44 76.26 75.75 75.96 75.16 75.70 76.90 76.03 75.97 76.39 77.84 77.33 76.72 77.44 76.97 77.23 76.95 78.31 78.64 79.14 79.47 78.68 80.50 80.95 80.19 81.48 82.04 81.24 81.70 82.24 82.12 81.24 80.90 81.26 80.51 80.87 81.47 81.91 80.53 80.25 80.39 80.99 82.03 82.21 81.27 80.56 80.49 80.30 79.15 78.61 78.90 77.47 78.27 78.30 78.35 79.06 79.54 79.07 78.09 78.97 80.06 80.45 79.96 78.78 79.15 78.59 78.53 76.93 77.10 79.10 79.02 80.41 80.31 79.12 79.24 78.07
74.43 73.19 74.60 74.95 75.33 74.53 74.65 73.80 74.37 74.33 73.46 74.42 73.98 74.35 75.40 75.36 75.44 74.35 74.79 75.94 76.02 75.41 75.75 75.08 75.22 76.58 75.27 76.52 75.09 75.09 76.75 76.07 76.01 75.92 76.47 76.35 76.07 77.61 77.36 77.38 77.37 78.74 79.22 78.87 78.93 80.15 79.34 79.61 80.65 80.22 81.62 81.84 81.46 81.95 81.40 82.26 80.81 80.70 81.69 80.14 81.00 81.94 81.76 79.76 81.15 80.72 82.12 82.59 81.38 80.10 79.44 79.93 80.34 79.31 79.12 78.46 77.54 78.61 78.28 77.94 79.30 78.98 79.12 80.01 80.76 79.99 79.09 80.03 78.51 78.84 77.84 78.49 77.32 77.32 78.13 78.53 79.91 79.55 79.98 78.45
74.17 73.15 74.70 75.82 75.12 73.94 74.75 74.64 73.85 74.57 73.36 74.68 73.44 74.63 74.08 74.97 76.01 74.52 74.77 75.21 76.18 76.31 75.67 74.51 74.69 76.02 76.23 76.28 76.27 75.02 75.85 75.55 75.34 75.40 75.95 75.80 75.56 76.24 77.47 77.03 77.97 77.90 78.92 79.24 78.64 79.40 80.54 80.77 80.05 81.40 80.44 80.81 81.97 81.24 82.53 81.73 82.22 81.87 80.51 81.22 81.61 81.44 80.31 80.86 81.37 80.75 81.16 81.27 81.61 79.70 79.95 80.65 80.87 80.30 80.01 79.34 78.10 77.33 77.96 77.95 77.66 77.91 79.64 79.18 80.87 80.05 78.89 79.56 79.45 78.54 77.46 78.70 78.51 78.75 78.19 78.38 78.50 79.58 79.20 80.13
73.10 74.68 73.84 74.31 73.82 75.26 75.23 75.08 75.51 73.67 74.67 74.10 74.51 74.68 74.35 74.19 75.56 75.99 75.64 75.01 75.72 76.40 76.41 74.99 75.94 75.28 75.67 76.32 75.26 76.56 75.03 75.35 74.47 74.42 74.44 74.49 74.85 76.15 76.63 78.02 78.28 78.46 78.78 79.03 79.29 79.66 80.88 80.15 80.74 81.50 80.61 80.06 80.41 81.81 81.53 82.81 82.11 82.17 80.78 80.49 81.20 82.02 81.43 81.65 80.29 81.35 80.22 81.42 80.17 80.26 80.28 79.84 80.43 80.48 79.37 79.01 77.67 77.27 77.13 78.19 77.78 77.37 77.63 79.57 79.08 79.13 78.42 79.05 78.58 79.24 78.37 77.98 78.21 78.13 77.70 78.82 79.36 79.15 78.74 78.55
74.31 74.17 74.05 73.98 73.80 73.90 74.71 75.36 74.83 75.58 74.82 75.27 74.75 73.58 73.93 75.36 75.14 75.53 74.84 75.32 75.92 76.73 77.10 75.33 76.07 75.27 75.03 75.67 76.37 76.69 76.13 75.93 75.58 74.80 74.54 74.82 74.34 75.05 76.94 77.73 78.96 78.39 78.00 78.92 79.40 80.29 79.78 80.57 81.08 80.70 80.10 80.45 80.49 81.48 82.21 82.61 82.65 82.32 82.04 81.43 80.49 81.46 82.14 80.67 81.73 81.84 80.38 80.61 81.32 80.43 79.41 79.72 80.36 79.55 80.36 79.69 77.43 77.11 76.92 78.46 77.35 77.95 79.10 79.00 78.70 79.64 78.50 78.14 78.95 78.24 78.74 78.64 77.57 77.13 77.79 78.45 79.82 80.12 79.24 79.63
75.05 73.92 73.90 73.12 74.03 73.18 75.04 74.97 75.70 75.00 75.59 75.85 75.07 74.26 75.06 75.41 74.40 74.23 74.68 75.46 75.06 76.20 76.69 76.24 76.55 75.69 76.22 75.45 76.24 75.71 76.80 76.98 75.45 75.09 75.08 73.78 74.16 75.40 77.26 78.52 79.26 79.07 78.58 78.22 78.32 80.02 80.22 80.10 80.84 80.56 79.50 80.88 81.49 82.12 81.83 83.21 82.70 81.53 81.79 81.91 81.90 81.93 80.64 80.49 80.52 81.13 81.76 80.19 80.36 80.84 79.42 80.38 80.16 79.97 78.90 78.39 77.69 76.73 76.80 77.38 78.47 79.21 78.47 78.52 78.14 78.78 78.01 78.02 77.69 77.76 77.84 78.42 78.23 76.78 78.06 78.66 79.99 79.50 79.36 78.82
74.65 75.26 74.90 74.50 74.20 74.73 73.60 74.13 75.49 74.77 74.65 74.58 74.42 75.59 74.73 75.55 75.42 74.32 74.53 75.45 76.03 76.20 75.50 75.63 76.88 76.84 76.44 76.91 76.54 76.66 76.15 75.81 76.82 74.80 73.87 73.53 73.99 74.60 76.89 77.76 79.35 79.61 79.32 79.40 78.68 79.46 79.64 80.87 80.40 80.17 79.58 81.22 82.17 81.61 82.71 81.63 83.04 82.58 82.81 82.62 82.06 82.02 81.00 80.58 80.00 80.57 81.59 80.01 79.64 79.40 79.99 80.98 81.25 79.77 79.99 77.95 78.46 77.22 77.20 78.45 77.45 78.19 79.40 79.33 79.15 78.92 78.56 77.53 78.63 77.71 78.51 77.30 76.76 77.78 78.41 79.73 78.92 79.76 78.79 78.72
74.94 75.83 74.97 74.14 73.78 73.72 73.83 74.92 73.96 74.99 75.21 74.81 74.58 74.31 75.33 74.54 75.52 74.80 74.46 75.81 76.52 75.58 76.07 76.54 76.21 77.44 77.56 76.93 76.75 77.04 76.43 75.90 76.52 75.24 74.30 73.25 73.23 74.34 75.96 76.96 78.13 79.89 78.76 79.35 79.52 79.39 79.50 79.48 80.30 79.59 80.49 80.42 80.92 82.66 81.50 82.29 81.60 82.85 82.44 81.86 82.03 82.65 82.26 80.81 81.26 81.24 81.18 79.86 79.52 79.07 80.80 81.22 80.62 79.91 79.44 79.19 77.75 78.34 77.64 77.37 78.04 77.82 77.98 78.51 78.04 78.40 79.29 77.51 77.53 77.21 78.34 78.25 76.60 77.17 79.23 79.97 80.16 79.86 79.29 78.44
74.85 74.57 75.79 74.69 73.74 73.79 73.37 74.55 73.72 75.19 74.88 74.20 75.26 74.43 74.55 74.10 74.30 74.85 74.74 75.32 75.91 77.01 75.33 75.82 75.82 76.39 77.77 78.22 78.02 76.83 75.94 77.04 76.96 76.22 74.40 74.55 74.23 74.65 76.34 77.63 77.82 78.22 79.09 78.97 78.59 78.89 79.36 80.48 80.01 81.02 80.67 81.42 81.49 81.25 82.11 81.71 81.77 82.00 82.78 81.60 81.82 82.20 82.72 82.25 80.60 80.64 80.62 79.86 80.38 80.49 81.33 80.40 79.90 80.32 79.94 78.75 79.24 77.65 78.66 78.24 77.36 77.70 77.71 77.09 78.32 79.26 78.65 78.97 77.43 76.69 76.98 76.59 76.70 77.87 78.36 80.15 79.60 79.45 79.64 78.48
74.75 75.52 75.48 75.34 74.69 74.05 73.75 74.64 74.59 73.94 74.75 74.58 75.37 75.30 75.45 75.15 75.55 75.07 74.13 75.66 76.27 76.57 77.16 75.57 76.01 75.66 77.19 77.38 77.70 77.38 76.13 76.78 75.85 74.96 74.29 74.23 75.21 74.59 76.07 76.90 78.29 78.27 78.62 78.68 79.63 79.13 78.59 80.60 80.22 80.63 80.28 80.17 81.68 82.54 81.68 82.73 83.02 83.34 81.97 82.62 82.66 82.80 82.51 82.00 80.81 80.95 80.69 79.55 80.36 80.36 81.40 79.96 80.88 80.54 79.07 78.68 78.18 79.04 78.22 78.98 78.63 78.18 78.46 77.91 77.23 78.19 78.97 77.59 77.34 76.52 77.61 76.31 77.43 77.86 79.12 79.92 78.90 79.09 79.76 80.01
76.08 75.41 75.65 76.25 75.30 74.93 74.55 74.58 73.61 74.07 74.79 73.90 74.01 75.30 75.27 74.48 74.35 74.11 75.33 74.75 75.38 76.66 76.85 76.60 76.07 75.96 77.54 77.86 77.04 76.32 76.21 76.66 75.49 75.16 75.21 74.93 74.85 75.51 75.92 77.25 77.20 78.53 79.26 78.56 79.14 78.68 79.87 80.54 80.63 80.07 80.90 81.08 81.65 82.65 81.59 81.91 82.49 82.67 82.67 83.16 82.70 82.02 83.14 81.76 81.98 80.48 80.08 79.85 79.20 80.83 80.85 81.27 79.91 80.67 79.76 78.90 78.01 77.42 78.70 79.30 78.14 78.58 77.45 77.14 77.75 78.75 77.40 78.71 77.76 76.73 76.42 75.96 77.87 78.18 79.71 79.85 79.10 79.35 79.38 79.92
75.02 75.88 75.02 74.88 76.18 75.98 75.75 74.98 73.37 73.61 73.14 74.77 74.65 75.60 75.57 75.05 74.67 74.05 73.61 73.89 75.69 76.46 77.57 75.85 75.79 76.08 76.08 77.99 77.69 77.06 75.95 76.55 75.46 75.08 74.33 75.82 75.84 75.70 75.95 77.09 77.02 78.04 78.98 78.60 78.82 78.69 80.17 79.43 81.10 80.76 80.01 81.28 81.34 81.95 81.35 81.89 81.46 82.67 83.78 83.26 81.92 82.12 82.60 81.75 82.31 82.00 79.63 79.81 80.48 80.17 80.22 81.54 81.67 79.87 80.07 78.88 78.47 78.54 77.85 78.57 78.88 78.81 78.58 76.78 77.84 78.64 78.21 78.01 77.90 77.05 76.66 76.68 77.44 77.44 79.16 78.87 79.01 79.64 78.89 78.88
76.27 75.86 74.65 76.00 74.80 74.98 74.68 74.32 74.86 73.96 73.19 73.53 74.55 74.11 74.25 75.12 75.32 73.63 73.54 73.85 75.03 77.10 76.59 76.83 76.12 76.36 77.28 76.63 78.25 77.44 77.65 76.14 75.74 76.10 75.21 75.01 75.91 76.51 77.07 77.56 77.42 77.82 77.53 78.63 79.34 79.03 79.50 80.10 79.62 80.54 79.82 81.29 82.10 82.12 82.59 81.39 81.92 81.72 82.80 83.66 83.71 82.40 81.82 82.99 81.89 82.02 80.27 80.83 80.86 80.26 80.64 80.62 81.32 81.56 80.60 79.36 78.32 78.99 78.30 78.26 78.91 79.63 78.25 77.21 77.90 79.08 77.95 78.28 78.10 78.14 77.27 77.21 76.69 78.33 77.75 78.24 78.35 78.01 78.91 79.25
75.43 75.75 75.03 75.72 75.05 74.40 74.06 73.93 73.78 73.60 72.82 72.54 73.27 73.52 73.34 74.03 74.61 73.31 73.25 74.06 75.49 75.51 75.65 76.39 76.87 76.10 77.35 78.10 78.36 77.82 77.83 76.74 76.01 75.57 74.65 74.69 75.96 76.69 77.83 76.81 77.66 76.79 76.70 77.12 79.50 78.61 79.62 79.06 80.71 79.26 79.90 80.93 81.66 82.76 82.55 81.97 81.92 81.56 83.38 84.24 83.22 82.63 82.28 81.90 82.37 82.32 80.82 80.12 80.61 79.79 79.90 80.51 81.84 80.43 80.25 78.66 78.10 77.99 78.19 77.92 79.34 79.04 78.45 77.16 78.36 78.62 79.03 78.66 78.19 77.47 77.54 77.83 77.90 77.66 77.41 78.05 78.88 78.39 79.39 79.08
74.62 74.78 75.36 75.79 74.43 74.69 74.81 73.52 74.36 74.46 74.15 73.94 72.71 72.40 72.93 73.95 73.41 72.98 73.91 73.33 74.11 75.54 76.75 77.39 76.97 76.51 77.81 77.70 78.81 78.48 78.34 77.29 75.54 75.36 75.64 75.60 75.58 76.66 77.75 77.05 76.85 76.49 76.65 78.34 79.14 79.52 78.23 78.80 78.78 80.14 79.48 81.47 81.70 81.76 82.77 83.23 81.31 81.31 83.08 84.14 83.65 83.53 83.17 82.70 81.54 81.64 81.00 80.95 79.69 79.72 80.54 79.87 81.51 80.31 79.94 78.26 79.00 77.58 77.86 77.70 79.03 79.62 78.73 77.84 77.51 77.54 78.35 78.38 77.45 76.85 77.29 77.64 77.70 78.29 78.11 78.06 77.98 79.39 79.11 79.22
75.47 75.85 76.33 76.00 75.55 74.65 74.23 74.58 74.98 75.10 74.84 73.65 72.42 73.44 73.13 72.92 73.56 72.99 73.61 74.43 74.65 75.18 77.18 77.13 76.54 77.01 78.01 78.29 77.52 77.59 77.23 78.09 77.06 75.32 76.11 76.19 76.29 75.63 77.25 76.47 76.56 76.37 76.46 78.59 79.87 79.82 79.27 79.60 79.48 78.65 78.98 80.62 81.95 81.86 82.43 82.20 82.49 82.19 81.97 82.89 84.05 83.06 82.42 81.93 82.62 80.86 81.53 80.37 80.53 79.66 79.64 79.51 81.11 79.98 79.94 80.24 79.12 78.66 77.02 78.03 79.10 79.04 77.88 78.54 77.65 77.51 77.23 78.65 77.17 78.07 77.39 78.47 77.74 77.89 78.67 78.95 78.01 79.37 78.57 79.17
75.32 76.20 75.68 75.88 75.99 75.85 74.37 74.09 74.88 74.09 75.22 73.95 72.98 73.93 73.31 73.79 73.57 73.94 74.42 74.51 75.33 75.76 75.60 77.19 77.92 77.18 78.43 78.54 77.67 78.20 77.04 76.64 77.28 75.46 76.16 75.41 75.15 75.71 75.67 76.17 76.43 76.66 77.87 78.16 78.48 79.05 78.78 79.91 79.59 78.71 79.81 80.71 81.71 81.97 82.70 81.58 82.51 82.16 83.04 83.00 83.53 83.86 82.16 81.70 81.70 82.30 82.22 81.89 80.68 80.31 80.45 80.30 79.82 79.28 80.61 80.19 79.06 78.83 78.16 78.76 78.76 78.88 77.98 77.88 78.11 77.37 76.93 77.85 78.63 78.39 77.41 78.38 78.17 77.53 77.85 78.62 79.73 78.02 78.98 77.98
76.14 75.65 75.82 76.24 75.27 75.06 74.77 74.18 75.30 75.71 74.96 75.11 74.99 74.10 73.37 73.86 74.48 74.76 73.71 73.63 74.61 75.73 75.11 76.83 76.54 78.46 77.47 77.29 77.65 76.94 77.27 76.73 75.99 76.58 75.56 75.70 75.73 75.67 76.35 76.60 76.49 77.78 78.16 77.74 77.45 79.38 78.85 78.94 78.73 78.62 78.46 80.25 81.21 81.80 81.28 81.90 81.58 82.46 82.05 83.06 82.94 84.10 83.65 83.09 82.79 81.64 82.55 82.30 81.10 80.09 80.03 80.81 79.41 78.86 79.64 80.15 79.69 78.82 78.60 79.42 79.80 78.03 78.03 77.76 76.97 78.28 76.75 76.95 78.02 78.75 78.44 78.80 79.04 77.25 77.17 79.33 78.17 78.14 78.25 78.92
75.78 74.97 75.74 76.40 76.26 75.06 75.15 75.70 75.16 75.90 75.55 74.32 74.99 74.20 73.89 74.47 74.83 74.25 73.17 73.01 74.48 75.27 76.72 77.19 77.53 78.13 77.85 76.75 76.45 76.13 77.08 77.11 77.17 77.24 76.94 76.10 75.27 75.90 76.13 76.57 76.73 76.80 78.53 77.24 77.36 78.80 79.54 79.98 78.19 77.55 79.49 79.61 80.52 81.85 81.68 81.37 82.51 82.26 83.45 82.27 82.45 82.56 82.95 84.05 82.08 82.78 82.16 82.07 80.63 80.64 81.37 81.22 80.64 79.49 79.76 80.45 79.18 78.27 79.63 79.24 79.93 79.22 78.11 77.50 77.32 77.62 77.88 77.41 78.17 77.79 78.79 79.30 78.37 77.60 77.22 77.35 78.57 78.71 78.33 78.45
74.51 75.58 76.19 76.28 75.67 76.30 74.62 75.40 75.85 75.81 74.83 74.69 75.37 75.10 73.51 73.88 73.89 73.98 74.10 73.53 73.76 74.85 76.86 77.93 76.73 78.37 77.47 77.94 77.45 76.12 76.54 76.56 77.24 77.40 77.34 76.72 76.44 75.39 76.95 75.67 76.02 76.67 76.57 77.30 77.88 77.44 79.92 79.50 79.03 79.53 78.91 78.89 80.83 81.03 80.55 81.31 81.50 83.27 81.85 83.42 82.69 82.56 82.66 82.14 83.50 81.83 83.18 82.88 81.98 81.18 80.30 80.46 80.94 79.53 80.44 79.72 78.89 79.16 79.31 80.06 78.95 80.01 78.73 78.37 77.74 76.81 77.18 78.01 77.69 77.20 78.01 78.71 78.36 77.30 77.53 77.54 77.87 79.26 79.36 78.69
74.97 74.61 75.70 75.10 76.23 76.00 75.13 75.71 75.41 75.13 75.06 74.33 75.47 74.43 74.40 74.59 73.74 74.58 73.13 73.50 73.09 74.14 75.19 77.03 77.29 78.34 78.37 77.71 77.32 77.55 77.50 76.66 77.61 76.54 77.45 77.17 75.54 75.78 76.12 76.08 75.92 76.30 75.89 77.76 78.31 77.82 77.74 79.07 78.43 79.18 78.54 79.96 79.90 81.22 80.77 81.69 82.53 82.20 83.52 81.99 83.29 82.64 83.37 82.00 81.98 82.20 82.85 83.65 83.27 82.34 82.04 80.79 79.97 79.92 79.51 80.56 80.26 78.50 78.40 80.08 80.19 78.81 78.39 78.85 78.82 76.85 76.26 77.25 77.33 77.48 77.80 79.11 77.89 77.97 77.86 77.07 78.19 78.02 78.71 79.65
74.15 75.36 76.02 76.50 75.78 76.25 75.54 75.59 75.07 74.91 75.18 74.30 73.84 75.48 75.26 74.51 74.54 73.92 74.39 72.91 72.78 74.54 74.71 76.44 77.71 77.73 79.03 77.25 76.70 77.93 77.08 76.69 77.83 76.66 77.14 76.93 76.44 75.21 76.59 76.55 75.77 75.33 76.17 76.76 78.35 78.57 79.26 78.19 78.93 78.51 79.20 79.58 80.49 79.66 81.80 82.39 82.72 83.38 82.00 82.16 81.73 83.07 83.60 83.26 81.50 82.25 83.03 83.96 82.31 81.56 81.36 80.63 79.67 80.16 79.82 80.40 80.11 78.57 79.69 79.26 79.80 79.36 79.43 78.53 79.10 78.01 76.45 77.81 77.76 77.14 78.31 78.95 79.06 78.95 77.40 77.07 78.06 78.47 79.50 80.20
74.34 74.51 75.40 75.55 76.81 75.86 76.00 76.07 76.21 74.96 74.61 73.85 73.88 74.14 74.70 74.92 73.79 74.63 73.58 73.11 73.74 74.04 74.44 75.41 77.57 78.48 79.07 77.61 76.39 76.22 77.74 77.88 77.94 77.78 76.37 77.29 76.55 76.51 76.42 77.20 75.50 76.15 76.19 76.17 77.50 77.87 78.22 79.45 79.02 78.42 79.61 79.53 79.57 80.97 80.94 82.56 83.48 83.56 83.64 81.72 82.12 82.57 82.85 82.89 82.30 82.30 82.73 82.67 81.91 82.25 81.39 80.92 81.22 79.58 80.43 79.35 80.28 79.65 79.27 80.26 79.36 78.99 79.21 78.50 77.76 76.97 77.28 76.43 76.49 76.97 76.90 77.87 79.19 78.61 78.50 77.59 78.15 79.43 78.73 78.64
75.39 74.81 74.30 75.02 75.05 76.55 75.75 75.94 75.42 75.56 73.92 73.94 74.76 75.10 74.20 74.48 74.00 74.26 74.78 73.47 72.62 74.26 74.82 76.10 75.92 76.87 78.49 78.57 77.07 76.30 77.24 78.47 77.55 76.78 76.63 77.47 77.80 75.94 76.34 76.64 75.39 75.72 76.23 75.72 75.99 77.40 78.19 77.75 79.15 78.69 78.75 79.73 80.79 81.40 81.77 81.89 83.76 83.36 83.74 83.03 82.32 82.00 83.00 82.74 83.51 81.97 81.65 83.01 81.94 81.10 81.95 80.83 80.22 80.70 80.10 79.79 80.09 80.20 79.72 80.20 80.27 78.79 78.85 78.81 77.23 76.75 76.59 75.92 76.78 76.21 77.39 77.67 78.22 77.75 77.37 77.43 78.80 79.77 79.46 78.14
74.89 74.57 75.62 75.89 75.69 76.31 76.55 76.83 76.01 74.41 75.16 74.94 74.54 74.89 74.72 73.68 73.15 73.41 73.80 73.67 73.89 74.30 74.23 74.55 76.17 76.94 77.56 78.64 78.04 77.32 76.66 78.10 77.32 77.34 76.21 76.61 76.65 76.46 77.26 75.64 75.92 75.53 76.33 75.25 76.79 77.74 76.94 77.29 78.21 78.53 78.90 78.75 80.00 81.40 82.45 83.46 83.26 84.12 83.91 83.78 82.79 82.34 83.12 83.62 82.37 82.42 82.46 82.65 81.79 81.07 81.92 80.56 80.28 80.17 80.61 80.83 79.75 78.95 80.57 79.80 79.82 80.29 79.83 78.43 77.64 78.00 77.25 76.34 76.23 77.28 77.50 78.07 77.98 76.91 76.99 76.82 79.13 79.73 80.06 79.77
75.19 75.48 75.20 76.13 76.58 76.54 76.19 77.30 75.80 74.52 74.30 74.49 75.01 74.50 74.54 73.54 72.62 74.20 73.03 73.09 72.97 74.20 73.39 74.46 74.84 77.01 77.83 77.67 78.63 78.01 77.98 78.43 77.60 76.58 77.33 76.94 77.63 76.89 75.79 76.57 75.81 76.31 76.76 77.05 75.96 77.37 77.94 76.70 77.08 77.58 78.28 79.30 80.81 81.87 82.58 82.00 83.21 84.09 83.16 82.74 83.90 83.33 83.20 83.99 83.40 83.31 82.17 82.60 82.88 81.41 81.59 80.97 81.26 81.40 80.91 81.11 79.75 79.96 79.32 79.19 79.89 80.86 79.88 79.53 77.53 77.20 77.52 76.22 77.04 77.81 78.62 78.41 78.38 78.54 77.31 77.89 77.94 79.68 79.70 79.11
75.65 74.78 74.71 75.57 76.73 76.93 76.01 76.74 76.28 75.39 75.08 74.21 75.24 74.08 74.09 74.50 72.99 72.75 73.40 72.35 73.29 72.88 73.22 74.25 74.18 76.47 78.08 77.81 78.99 79.04 78.98 78.36 78.31 76.77 76.66 77.45 77.17 76.27 75.98 77.03 75.55 75.26 75.46 77.18 76.98 77.52 78.14 78.07 77.82 77.33 77.31 78.25 80.26 80.42 82.70 81.83 82.34 83.58 83.88 84.04 83.49 83.56 84.25 83.39 84.42 82.86 82.16 82.60 82.26 82.23 81.08 82.08 81.54 82.27 82.35 80.82 80.58 80.07 80.25 80.11 80.25 79.57 80.68 79.54 78.34 77.45 77.43 77.73 77.58 77.42 77.14 78.45 78.70 77.53 77.84 77.84 77.59 78.18 80.14 80.02
76.04 76.01 75.49 75.73 75.47 77.06 76.87 75.77 75.66 74.90 74.96 75.34 75.65 74.00 73.26 74.10 73.16 72.17 73.44 73.99 72.94 73.63 73.01 73.28 75.52 75.18 76.18 78.56 79.04 78.16 78.71 79.23 78.78 77.22 77.50 76.46 76.94 75.83 75.53 76.61 75.63 74.94 75.62 77.09 77.01 77.11 78.67 79.03 77.37 77.84 78.14 78.27 79.75 81.06 82.12 83.05 82.82 82.38 83.71 82.89 83.49 83.56 83.07 82.98 82.55 82.21 82.23 82.86 82.89 82.40 82.06 81.15 80.92 81.98 82.49 81.49 80.58 80.67 80.26 79.46 80.54 80.45 79.15 79.99 78.41 78.57 76.85 77.18 78.15 76.60 78.11 77.75 77.52 78.57 77.14 78.47 78.88 77.94 79.38 79.18
76.80 75.65 75.97 74.78 75.95 76.07 75.81 76.41 75.18 75.73 75.99 74.50 75.45 74.26 74.24 72.96 73.81 73.32 72.73 73.90 73.75 73.22 72.38 73.18 75.26 75.91 76.37 77.43 78.56 77.64 78.86 79.09 78.45 78.24 77.89 77.72 76.88 75.72 76.38 75.65 76.32 74.93 75.93 75.50 76.01 76.68 77.61 77.88 78.16 76.97 77.07 78.78 79.81 79.90 80.81 83.18 83.19 83.12 82.77 83.11 83.28 84.19 83.82 82.57 82.46 81.64 82.64 82.36 82.71 82.32 82.63 80.75 80.45 81.46 82.31 81.99 80.20 80.05 79.39 79.83 80.45 80.56 80.75 80.40 78.70 77.58 77.43 78.19 76.95 76.66 77.09 77.53 78.84 77.29 78.33 78.07 78.95 79.71 79.24 78.41
76.52 76.99 76.44 75.28 76.47 75.17 75.64 75.89 76.44 75.67 75.67 76.38 74.77 75.58 73.90 73.47 72.94 72.76 72.50 73.10 74.50 73.26 72.86 72.77 73.58 75.31 76.92 77.04 77.72 79.04 79.11 79.41 79.59 78.51 78.18 78.47 77.10 76.04 75.52 75.66 74.71 75.70 75.95 76.72 75.50 76.17 77.40 77.88 77.96 77.36 78.23 77.58 79.61 79.65 81.33 82.13 83.83 84.14 82.87 83.01 83.03 82.97 84.21 83.82 83.07 82.38 82.14 81.80 82.54 82.62 83.01 82.64 80.81 81.37 81.55 82.15 81.53 80.57 79.11 80.17 81.08 80.45 81.53 80.50 79.85 78.66 78.50 77.35 77.17 77.58 78.21 78.36 77.43 78.62 78.76 78.05 78.99 78.31 78.41 78.22
76.89 76.10 75.32 76.06 75.49 76.54 74.94 75.87 76.55 75.42 74.97 75.12 74.70 74.63 74.91 73.80 73.12 73.79 72.53 72.61 73.63 72.96 73.64 72.57 72.93 74.92 76.30 76.39 77.95 79.25 78.51 79.82 79.53 78.17 78.84 78.71 78.55 76.91 76.25 76.49 75.52 75.12 75.35 75.41 75.03 75.21 75.79 77.19 77.48 76.89 77.60 77.29 78.18 79.89 81.50 82.58 82.31 83.31 84.18 82.62 82.77 83.87 83.97 83.46 82.74 82.77 81.82 82.70 83.27 82.95 82.57 82.22 82.12 80.73 82.42 82.66 81.46 80.80 79.68 79.24 80.80 80.21 81.37 81.42 80.51 78.48 77.40 77.54 77.93 78.09 78.77 77.51 77.80 78.45 78.16 78.41 79.12 79.09 78.35 78.59
77.39 75.72 75.71 76.25 75.13 75.64 76.41 75.11 75.82 75.94 74.64 74.47 75.43 74.08 73.58 74.41 74.11 72.64 73.73 73.13 72.95 72.51 72.13 73.22 72.70 74.12 76.29 77.64 78.46 78.31 78.03 79.86 79.91 79.34 78.28 79.52 78.45 77.28 76.27 75.60 74.90 74.94 74.82 74.29 74.73 74.45 75.39 77.16 77.16 77.31 77.06 77.97 77.75 79.20 81.11 81.89 82.16 83.58 84.38 83.47 83.46 83.12 82.90 83.19 82.68 83.47 83.00 82.32 83.52 83.46 82.24 81.60 82.36 82.24 82.19 81.33 82.48 80.68 80.50 79.59 79.98 79.94 79.96 81.15 79.47 78.18 78.25 78.52 77.98 78.47 77.80 78.48 77.28 77.15 78.82 78.97 79.60 78.54 79.18 79.01
75.57 76.01 76.91 75.86 75.67 76.05 75.42 74.99 75.80 75.76 76.11 75.89 75.32 74.09 74.06 74.14 73.73 73.02 74.00 74.38 72.74 72.52 72.89 73.52 73.18 75.01 75.49 77.87 77.82 78.66 78.78 79.07 79.59 79.84 78.43 77.84 77.37 76.80 77.20 76.41 74.89 75.23 75.14 75.73 75.24 74.30 75.55 77.01 77.98 76.99 76.33 77.09 78.19 78.55 81.00 81.34 81.27 82.31 84.42 84.54 83.98 82.90 83.00 83.40 83.00 83.49 82.26 82.24 82.54 83.81 82.44 82.20 81.69 82.35 81.88 81.75 80.81 80.90 80.37 79.30 78.97 80.71 79.78 79.87 80.53 78.25 79.15 79.40 77.86 77.58 78.16 77.23 77.58 77.56 77.91 78.34 79.33 80.09 80.02 78.86
75.22 74.97 75.15 75.31 75.23 75.12 75.52 74.81 74.89 75.34 76.26 76.83 75.04 74.43 74.04 74.45 74.01 74.44 74.81 74.31 72.87 73.48 72.47 72.80 74.14 73.51 75.77 76.17 76.93 78.14 78.91 79.22 78.81 79.23 78.03 78.73 77.23 77.81 77.91 77.09 75.47 75.29 74.69 74.37 74.95 74.16 74.39 76.57 76.74 77.59 77.33 77.97 77.95 78.50 79.76 80.88 80.64 83.14 84.35 84.56 84.60 84.48 83.43 82.90 82.20 82.80 82.63 81.42 82.71 83.05 82.95 81.60 81.93 82.36 81.47 80.64 80.93 80.39 80.88 79.15 79.28 79.85 80.23 80.92 80.55 79.68 79.06 79.54 78.01 76.96 76.56 78.01 77.69 78.13 78.39 77.54 79.07 79.77 79.37 80.12
74.32 74.55 74.91 75.94 74.71 75.60 75.31 75.25 75.85 74.70 76.15 75.73 76.09 74.22 75.19 74.00 73.94 74.47 74.01 73.68 74.17 73.73 73.07 73.88 74.47 74.52 74.60 75.07 75.97 77.80 78.97 78.68 79.29 79.20 79.61 77.52 77.10 77.93 76.86 77.60 76.52 76.15 74.85 74.60 73.90 75.05 74.90 75.86 76.17 76.07 77.16 76.68 77.34 79.25 78.87 80.49 81.03 82.80 84.05 84.55 84.36 83.74 83.47 82.07 82.55 81.87 82.70 81.89 81.66 82.46 82.29 82.72 82.41 81.08 81.51 80.63 81.04 79.97 79.40 80.23 79.16 79.67 80.21 79.92 80.84 79.14 79.24 79.06 78.21 77.79 77.63 77.28 77.54 77.47 77.80 77.89 79.12 78.87 80.05 79.47
75.05 74.87 74.52 74.51 75.36 75.16 75.32 76.39 76.13 75.66 74.63 75.54 75.46 74.49 74.89 73.95 74.89 74.16 73.29 74.06 73.19 73.92 73.73 72.91 74.47 75.39 75.20 75.42 75.40 77.05 78.54 79.10 78.22 78.59 79.14 79.00 78.00 78.01 78.56 77.11 76.77 75.89 74.69 74.68 75.29 74.02 74.49 75.86 76.32 76.56 76.11 77.34 77.79 79.16 78.51 79.47 80.65 81.93 84.19 83.68 83.52 84.58 82.71 82.54 82.53 81.70 82.44 82.88 82.42 82.87 81.95 82.22 81.38 81.92 80.91 80.45 79.56 79.75 78.86 79.51 79.32 78.92 80.50 80.40 79.29 79.74 79.97 79.16 78.09 76.95 78.05 77.48 77.22 78.15 76.97 77.47 77.65 78.20 78.93 78.63
75.30 74.39 75.26 73.95 74.78 75.05 74.94 76.26 76.99 75.82 75.26 75.51 74.39 74.95 74.46 75.10 74.78 73.46 72.99 73.65 73.87 72.97 73.34 73.62 73.17 74.38 75.54 74.88 74.74 76.07 77.94 78.30 77.66 78.66 79.27 79.21 79.20 78.51 77.23 76.46 77.41 75.94 75.24 74.79 74.81 74.52 74.66 75.90 75.45 76.10 76.22 76.76 76.88 78.13 78.86 78.56 79.85 82.38 83.35 84.50 83.45 84.05 82.80 83.61 81.67 81.21 82.11 83.19 83.67 81.97 81.40 81.49 81.36 81.41 82.09 80.70 79.23 78.74 79.95 79.78 79.46 78.92 80.11 79.74 79.47 80.43 79.23 78.84 77.82 78.16 77.32 76.89 78.12 76.90 77.86 77.03 78.04 78.84 78.95 78.05
75.11 74.83 73.90 74.68 74.67 74.24 74.28 75.09 76.54 76.82 76.32 74.48 75.71 75.64 75.98 75.31 73.85 73.60 74.18 74.41 74.24 74.52 72.68 72.46 72.45 74.62 74.69 75.44 76.07 76.06 77.80 78.55 79.18 78.29 78.83 79.49 79.51 77.94 76.62 76.48 75.98 75.80 75.57 75.91 75.17 74.39 75.59 74.99 75.61 76.28 76.42 75.73 76.64 76.77 78.45 78.06 80.06 81.20 82.73 84.30 83.66 83.66 84.23 83.15 83.19 82.81 83.01 83.49 83.78 83.34 81.53 81.01 82.12 80.82 80.62 80.79 80.32 78.58 80.26 79.61 79.50 78.63 78.63 79.48 80.63 79.38 80.33 78.93 78.45 77.26 77.33 77.81 77.22 77.07 77.50 77.52 78.10 79.07 79.45 78.12
74.85 73.99 74.92 74.23 75.23 74.48 73.91 75.59 76.14 76.51 77.00 76.32 75.95 75.52 75.12 74.08 74.76 74.72 74.07 74.54 74.85 73.21 73.24 73.09 72.23 74.13 74.82 74.51 74.98 76.10 77.95 78.15 78.16 78.83 78.14 78.41 79.51 79.05 77.57 76.30 75.67 76.40 76.53 74.99 75.46 74.17 74.72 74.98 76.18 75.16 75.08 75.61 76.87 76.44 76.90 77.78 78.76 79.88 82.22 82.89 82.88 82.62 83.86 84.60 84.01 82.34 82.68 82.99 83.51 83.99 83.47 82.23 80.91 81.82 80.17 80.95 80.67 80.84 79.04 78.72 79.74 79.50 78.80 78.95 80.00 79.30 79.63 78.38 77.29 77.08 77.20 77.76 77.10 76.42 76.57 77.42 78.77 79.49 78.10 78.39
74.42 74.83 73.86 73.61 74.63 73.93 74.19 75.21 76.51 76.66 77.15 77.23 75.48 76.42 75.15 75.20 75.04 74.76 75.50 74.64 75.05 73.77 73.32 73.90 72.89 72.87 74.70 74.26 74.46 75.72 77.49 77.24 78.87 79.00 78.04 78.45 78.81 79.70 79.14 77.06 76.77 75.76 76.75 75.55 75.00 74.30 74.26 74.93 74.89 74.34 74.66 76.43 76.12 76.06 77.50 78.70 79.65 80.07 81.70 82.01 81.71 81.78 82.62 83.69 83.47 83.08 83.70 82.28 82.57 84.37 83.05 82.29 82.14 81.21 80.25 80.39 80.01 79.36 79.80 78.59 78.92 79.61 78.59 78.58 80.06 79.93 79.82 78.78 78.78 77.50 77.30 78.22 76.51 77.13 77.01 77.67 77.85 77.59 78.54 79.24
74.56 73.61 73.48 73.10 73.95 74.32 75.11 75.80 76.96 77.47 77.36 76.49 75.42 76.57 75.89 75.48 74.14 75.10 74.94 74.56 74.15 74.86 74.68 74.43 74.28 74.08 73.84 74.47 74.75 76.24 77.05 78.59 79.04 78.70 77.76 78.40 79.78 79.39 79.40 78.91 77.55 76.15 76.46 75.40 75.94 74.46 75.47 74.32 73.98 73.86 74.79 75.77 76.51 75.89 77.96 77.58 78.20 80.10 80.90 81.13 81.54 81.10 82.84 83.45 82.91 84.07 82.49 83.75 82.39 83.46 82.50 82.22 81.10 80.85 80.45 79.40 79.93 79.20 78.90 79.33 80.00 79.17 78.15 79.49 79.75 79.72 80.17 78.98 78.38 78.05 78.67 76.95 77.91 76.60 77.92 78.17 78.36 77.67 79.08 79.90
74.69 73.54 73.09 73.97 74.44 73.53 74.28 75.99 77.01 77.83 77.46 75.89 76.72 75.97 76.92 76.00 74.82 73.91 73.95 74.15 74.64 75.49 74.65 74.33 73.84 73.81 74.50 75.32 76.16 76.81 77.46 78.61 78.82 78.32 78.11 78.12 78.72 79.55 78.95 78.43 77.37 76.32 75.39 75.68 74.43 76.04 75.90 75.64 74.11 74.90 75.55 75.94 75.64 77.08 77.78 78.07 79.11 80.31 79.66 80.65 80.75 81.68 81.76 81.75 82.45 82.42 82.61 82.91 83.64 83.95 83.75 82.63 81.57 80.81 80.32 79.37 80.01 78.80 78.30 78.50 79.60 79.07 79.25 78.28 79.61 80.38 80.33 78.47 79.15 77.81 77.40 77.19 78.15 78.37 76.86 78.23 78.00 78.34 78.87 80.23
