86.18 87.15 86.92 87.47 87.78 87.75 87.58 87.87 88.38 88.98 89.51 89.79 89.26 89.00 88.61 89.40
86.75 87.64 88.24 87.91 87.55 86.99 87.49 87.91 89.00 88.21 89.85 89.72 90.08 89.39 88.91 88.66
86.89 87.84 88.62 88.87 88.64 86.99 88.28 88.63 88.47 89.02 89.92 90.25 90.58 89.55 88.16 87.66
87.97 87.43 88.64 88.68 88.96 88.01 87.28 87.77 87.78 88.21 89.80 89.72 89.28 89.77 89.71 89.16
88.08 87.50 87.28 89.30 88.34 88.74 88.54 87.50 88.15 87.64 89.43 89.03 90.23 89.61 89.59 88.96
88.74 87.33 87.67 87.32 88.71 89.15 87.57 88.93 87.82 88.28 89.48 88.86 88.51 89.82 90.15 88.92
88.91 88.08 88.51 89.03 87.97 88.63 88.27 87.46 89.10 89.39 89.60 88.43 89.50 89.65 90.16 88.86
87.84 87.35 88.54 87.85 87.57 87.89 87.26 88.45 87.76 88.10 88.98 88.73 89.21 88.90 88.83 88.66
87.60 87.63 87.11 87.42 88.64 88.81 88.37 88.59 87.50 87.82 89.35 88.12 89.62 89.18 89.82 88.84
88.29 87.65 87.28 87.57 88.75 88.10 87.71 88.10 87.50 88.89 88.16 88.22 89.19 89.18 89.56 89.78
88.15 88.54 87.15 87.05 86.98 86.99 87.16 86.82 88.23 87.98 88.66 88.31 88.88 89.48 88.82 89.55
87.91 87.35 87.94 88.08 87.50 87.33 87.91 88.53 88.73 87.66 87.91 88.29 88.89 88.40 89.41 88.93
86.72 87.75 87.87 87.43 86.74 86.39 87.66 88.95 89.17 88.16 88.22 87.72 87.43 87.74 88.01 89.04
87.08 87.74 87.41 88.32 87.45 87.44 87.37 89.06 89.79 89.48 89.39 87.27 87.00 86.75 87.98 89.16
87.79 86.61 87.45 88.54 88.81 88.41 87.96 89.07 89.08 88.68 87.78 87.90 86.92 86.35 87.55 89.00
87.23 88.12 88.39 88.99 89.18 89.16 88.58 87.78 89.00 88.61 89.19 88.34 86.82 87.62 86.87 88.05
