17.16 27.03 23.86 33.31 31.24 25.52 21.30 26.12 18.09 15.67 21.90 28.53 27.40 35.45 37.46 35.55 34.98 27.16 32.73 40.60 35.09 29.84 27.03 23.07 26.37 18.73 21.24 13.80 13.25 17.78 26.90 36.21 32.75 41.82 34.19 43.84 45.12 44.13 35.39 38.27 47.90 41.37 46.71 37.40 36.09 38.18 37.27 37.20 30.42 22.52
26.49 28.96 32.81 29.79 23.25 26.32 33.46 27.11 19.83 13.20 12.80 14.34 22.58 24.11 24.39 24.34 23.29 27.26 30.68 26.08 31.87 38.69 30.38 32.98 16.38 18.73 24.25 24.49 23.44 13.08 15.12 25.56 33.25 44.12 32.92 38.17 48.73 36.56 43.52 48.94 49.41 39.81 43.78 48.04 34.52 37.84 34.43 41.54 25.54 27.30
29.57 36.41 23.80 22.09 17.18 34.06 31.95 26.75 23.81 21.69 9.49 9.35 15.16 31.40 30.34 27.79 28.69 32.38 28.12 23.38 32.67 26.91 27.86 27.12 33.61 15.92 24.29 26.36 11.97 19.02 9.91 16.62 34.03 42.89 46.54 47.07 35.24 37.00 42.53 39.27 44.81 45.46 45.90 37.82 32.37 37.11 35.49 24.94 34.97 23.26
23.74 30.84 35.56 19.22 18.57 22.42 33.01 29.25 15.41 21.97 23.94 7.89 18.57 28.51 35.20 26.41 22.46 36.79 32.09 27.43 18.79 33.21 22.31 31.89 20.45 14.20 24.43 18.11 11.95 5.75 16.73 9.80 34.26 31.77 46.24 49.77 48.87 49.00 36.86 46.62 36.56 41.38 36.57 35.45 43.11 37.31 38.45 35.65 33.21 20.76
33.58 23.49 24.45 16.15 27.22 26.43 19.56 28.14 28.88 20.46 15.65 23.80 24.88 24.55 22.91 22.84 25.51 27.57 23.80 34.72 33.06 27.01 33.30 22.19 22.13 22.96 11.24 24.65 20.90 11.26 3.77 22.58 16.58 23.45 39.69 45.95 47.83 40.64 45.42 31.83 45.05 46.87 49.25 46.58 39.19 47.41 31.34 25.02 31.74 30.28
21.56 35.33 26.57 16.77 18.10 28.92 22.37 19.03 17.39 28.72 26.11 15.55 20.10 17.52 22.54 20.79 28.13 25.63 19.84 31.48 29.00 31.79 38.42 30.34 18.75 20.77 18.93 13.07 24.30 11.18 21.79 18.81 13.88 33.12 43.92 40.44 35.09 47.33 45.88 33.25 46.00 43.98 45.81 37.39 33.16 33.90 40.80 25.37 34.89 37.64
35.78 22.97 30.39 19.37 14.14 28.65 24.16 19.03 18.26 26.43 31.09 26.40 22.49 12.85 13.33 30.51 30.32 26.47 26.81 27.27 25.90 34.38 35.09 39.95 36.13 26.93 26.71 28.70 26.78 19.21 15.01 9.37 26.03 20.34 38.51 35.74 30.05 36.45 42.25 49.28 47.15 39.63 46.07 36.35 38.44 34.05 25.96 31.06 27.00 31.78
23.15 30.04 22.03 13.38 19.86 25.81 27.22 22.59 31.50 25.59 31.48 27.85 19.90 15.96 20.33 15.76 18.47 31.64 34.36 30.08 21.26 30.28 44.82 34.32 31.25 35.25 19.59 34.44 36.96 29.29 21.00 16.88 8.89 26.83 30.30 35.03 39.94 38.38 39.48 46.34 42.76 39.43 44.09 39.68 42.17 31.75 39.38 22.59 35.47 24.95
22.55 29.65 32.29 12.53 19.43 23.09 31.72 22.08 33.55 28.28 21.71 20.76 30.10 15.21 18.36 10.98 19.70 31.42 34.79 26.35 29.10 34.43 29.63 42.94 31.39 37.83 32.08 40.53 32.48 33.55 20.73 18.62 17.54 21.08 31.83 32.49 32.79 30.04 40.28 37.03 34.28 40.44 37.69 46.58 42.67 40.87 31.09 28.03 23.40 32.66
25.08 29.37 32.88 17.03 9.64 28.66 16.50 30.86 32.41 21.90 20.09 19.19 21.42 24.14 24.24 21.82 16.69 31.74 23.55 32.15 36.11 34.42 43.28 30.66 35.38 27.11 34.69 38.04 32.65 35.40 31.47 24.44 17.15 27.69 26.70 37.28 40.69 40.50 44.54 40.21 43.58 47.40 40.33 47.75 42.06 33.24 27.62 34.98 30.71 32.03
29.12 38.02 24.27 16.66 15.91 8.03 26.10 25.02 35.93 25.00 14.83 20.03 30.76 23.22 16.86 19.05 17.96 20.28 21.17 27.50 32.69 39.67 46.71 39.88 32.88 29.06 30.89 41.97 45.72 41.71 38.11 29.62 21.18 13.54 17.09 32.75 35.55 33.63 45.36 36.72 35.40 49.08 44.63 47.38 41.72 46.07 36.78 27.07 32.73 27.51
38.60 23.31 29.53 12.75 19.51 15.95 15.68 29.38 38.71 31.41 20.07 17.78 23.35 24.45 25.61 15.17 9.85 26.08 23.34 28.65 40.63 38.68 45.47 32.90 36.78 22.45 30.18 39.38 39.28 46.30 45.05 40.00 35.67 15.44 25.67 34.29 43.23 41.45 29.78 41.16 33.31 37.11 41.16 47.82 48.78 49.66 33.20 33.88 24.40 27.54
26.61 37.73 28.88 24.06 8.77 11.84 26.52 33.56 34.75 28.17 21.40 14.03 20.50 14.06 22.70 22.34 21.33 29.85 35.77 28.31 34.53 46.22 38.24 40.71 28.93 29.49 36.34 34.58 35.22 36.07 41.68 35.78 25.42 17.03 32.20 37.25 38.15 43.18 30.72 23.81 28.38 28.42 37.85 34.53 35.27 45.21 47.92 31.00 26.79 23.34
33.48 21.87 18.95 22.89 19.38 14.10 31.05 29.57 25.32 29.03 28.21 29.22 16.99 12.58 9.32 24.44 21.45 29.65 37.21 27.60 37.50 41.57 48.75 48.67 28.34 32.66 24.73 37.41 37.65 38.17 45.16 36.03 20.54 25.33 18.93 39.69 45.97 40.87 31.01 20.77 23.30 31.06 34.49 40.93 44.67 47.59 39.86 28.74 18.20 16.47
25.83 31.37 31.19 28.00 22.05 28.86 27.59 20.20 20.74 22.75 34.21 25.20 19.04 17.46 9.93 23.83 21.27 36.74 35.27 31.67 30.92 33.64 42.21 46.33 33.88 22.17 35.39 30.22 31.14 45.21 42.81 33.80 32.31 23.35 20.05 30.69 29.84 34.06 38.54 34.78 31.32 23.20 41.62 45.62 39.23 46.17 37.10 38.43 34.21 30.72
34.22 32.11 36.43 25.88 21.49 31.47 26.43 31.62 32.33 36.87 24.08 34.23 18.19 12.35 20.64 17.17 33.42 40.59 38.99 33.57 41.55 45.76 33.50 31.37 33.39 33.57 28.34 35.87 44.24 35.63 45.09 40.52 28.11 20.36 30.20 36.07 40.87 32.21 39.88 26.97 23.97 29.26 40.79 49.86 36.65 36.29 34.01 35.52 27.25 35.41
31.58 33.09 40.31 38.54 36.06 23.19 36.01 32.69 39.41 38.99 28.03 26.40 24.17 26.22 10.90 28.44 29.89 41.60 42.08 42.12 45.36 32.29 42.36 30.41 28.88 24.40 37.87 35.56 35.94 30.79 31.73 34.05 22.55 22.75 18.31 25.42 31.17 40.13 33.82 29.46 19.59 34.52 30.88 35.86 43.53 40.89 45.94 40.77 27.94 39.63
41.60 29.56 26.09 26.11 35.68 29.07 34.44 33.30 26.42 27.24 24.66 24.86 22.94 26.66 23.55 31.17 35.68 36.88 47.85 43.17 49.02 46.47 35.83 41.34 25.90 20.73 20.76 31.67 30.40 29.66 41.41 41.70 24.98 22.91 15.69 16.77 35.19 26.25 34.37 26.71 26.57 26.27 36.41 41.79 31.65 48.07 48.97 41.80 27.90 29.14
33.54 33.13 32.73 37.17 41.79 29.69 26.26 24.70 35.36 25.65 27.21 15.21 31.13 35.76 29.57 33.43 33.10 29.00 30.46 33.57 39.86 44.09 47.29 46.63 31.73 29.16 17.14 22.61 21.18 39.52 31.02 33.18 34.15 18.18 19.58 12.67 28.60 40.61 34.26 34.79 26.92 26.43 37.75 32.42 43.83 48.71 43.21 34.65 33.38 31.83
37.22 36.65 43.47 45.80 43.36 30.67 29.59 24.50 17.95 21.72 23.49 26.25 32.39 34.47 42.23 32.39 25.96 35.16 26.86 30.82 30.72 43.95 40.07 49.23 44.73 24.18 19.86 25.68 30.69 38.11 35.28 36.34 27.54 32.89 16.97 18.72 23.83 32.61 43.80 44.04 29.89 20.86 37.42 35.68 49.40 37.32 49.71 46.53 31.98 36.64
44.42 41.89 46.25 35.20 39.80 39.52 22.80 26.34 16.37 17.48 19.60 15.50 26.28 24.91 26.82 39.67 32.30 32.65 31.36 31.80 40.20 38.41 48.41 48.34 39.54 35.22 21.94 17.53 35.70 26.46 28.79 24.79 24.79 16.00 15.16 12.09 25.32 26.10 33.29 40.51 34.32 39.65 33.51 47.20 40.28 48.07 36.14 38.66 45.96 28.54
44.21 40.99 41.28 40.79 30.80 24.40 25.66 17.81 14.07 25.97 22.84 23.55 19.74 16.44 24.21 35.31 31.71 28.04 30.61 28.53 38.95 40.94 38.09 42.56 47.55 33.72 35.51 25.82 27.29 24.20 18.48 28.19 16.30 19.02 8.73 15.91 13.39 18.20 26.72 29.00 33.18 34.38 47.11 46.18 41.96 41.10 42.92 40.63 45.12 36.10
45.60 47.29 40.69 40.85 33.08 27.22 28.92 14.83 8.20 8.94 22.93 30.50 26.01 31.58 24.10 23.89 23.05 28.48 26.52 33.35 34.64 38.09 36.69 49.32 46.69 33.31 35.64 27.37 17.22 31.21 22.64 28.56 14.13 9.01 11.28 8.52 11.68 25.15 25.98 24.82 28.39 36.41 37.68 42.15 37.25 34.26 31.82 38.16 34.63 40.36
39.35 43.55 39.91 40.91 39.05 36.29 33.23 27.77 10.07 13.66 22.20 31.27 33.99 27.32 28.39 16.92 27.67 20.76 27.83 22.85 32.62 43.85 49.68 37.41 44.05 34.11 30.81 36.84 23.24 16.98 33.74 32.25 27.64 12.62 2.88 5.15 16.98 15.32 14.69 19.09 27.93 29.80 35.88 37.33 39.94 25.94 33.83 29.64 26.47 27.91
38.21 41.00 42.17 40.91 35.31 31.21 37.11 17.46 24.45 14.83 10.70 20.51 36.42 30.49 30.26 22.06 26.04 21.62 28.24 34.32 36.79 45.74 41.71 47.06 34.50 36.00 35.05 25.27 32.77 23.01 29.37 32.05 27.05 9.20 13.25 1.47 5.26 19.53 8.74 8.70 30.52 25.44 23.17 24.40 33.12 26.03 28.31 24.22 32.08 35.48
33.51 34.44 46.34 31.51 29.40 31.94 30.54 18.46 9.24 7.38 6.44 17.47 23.97 36.18 23.89 26.06 20.44 18.80 29.83 32.43 45.40 38.09 45.40 43.89 37.26 35.42 33.72 37.99 36.68 37.13 30.69 21.53 28.70 17.34 20.26 16.69 9.73 4.47 10.19 10.13 18.93 25.40 22.07 25.10 31.25 21.67 30.38 37.43 28.10 40.15
40.84 31.84 29.73 33.23 36.45 24.51 33.67 32.67 15.12 15.88 9.11 5.96 24.03 24.02 37.26 26.16 30.92 17.22 19.09 24.26 43.37 36.06 45.20 33.43 33.52 33.60 33.30 28.52 37.03 40.88 30.27 21.05 17.21 17.23 24.82 14.59 7.62 14.48 0.27 10.46 13.06 15.60 24.43 26.84 17.28 23.49 29.47 30.56 30.05 29.81
28.53 22.78 33.60 25.44 35.49 23.15 37.98 38.73 26.84 18.34 18.07 14.46 12.50 27.77 34.75 39.98 21.66 15.63 18.54 30.39 26.14 46.08 37.34 38.49 30.48 32.52 34.77 31.47 31.04 30.91 22.66 15.34 8.14 14.98 12.14 5.15 3.79 15.50 1.56 11.86 5.78 8.06 27.92 20.88 28.57 24.70 24.98 33.84 24.38 23.62
29.25 22.41 24.76 23.74 32.66 36.63 36.35 37.87 21.22 17.87 10.36 13.90 21.82 33.85 41.02 41.45 39.08 23.24 17.51 30.82 40.13 35.00 33.76 34.72 28.90 34.22 31.79 36.21 32.14 25.21 26.91 19.03 19.34 14.80 4.37 2.68 16.12 7.17 4.95 8.03 14.00 15.53 20.48 22.83 26.49 28.82 19.83 29.54 22.21 27.59
21.01 26.20 23.53 19.69 36.73 33.30 40.13 33.68 31.90 14.99 5.42 14.76 14.24 31.17 45.01 40.32 40.18 28.90 32.65 24.71 28.18 36.11 41.51 40.05 35.34 39.00 27.45 40.49 43.20 31.91 34.95 31.68 26.05 11.18 9.07 3.41 3.63 0.13 7.66 16.26 21.44 24.58 21.04 16.66 16.95 20.84 19.04 31.46 29.32 32.57
22.18 21.86 23.29 31.22 21.55 41.14 42.69 37.43 36.23 15.46 2.90 11.55 18.43 30.62 45.16 35.59 32.97 25.14 18.19 16.40 21.71 31.41 37.51 38.91 38.94 38.22 37.44 40.50 47.87 38.47 26.76 19.87 16.94 13.38 14.84 7.09 1.16 4.98 16.12 6.20 9.12 25.34 27.01 14.36 11.88 19.49 30.79 34.89 39.72 36.17
16.66 23.19 31.08 17.72 22.67 33.88 46.28 32.02 35.33 19.30 5.22 7.05 24.06 28.49 38.58 35.17 33.08 33.40 13.85 22.27 20.00 27.95 31.68 43.94 40.31 46.78 44.00 42.48 48.42 32.70 32.24 15.10 11.88 15.47 22.37 10.75 3.06 7.79 6.45 18.12 20.65 29.23 28.34 12.84 20.77 12.84 31.81 44.29 29.62 28.58
13.37 30.73 25.74 25.98 18.27 32.63 33.61 42.86 29.61 29.56 6.99 2.25 9.01 32.31 30.96 25.42 34.00 32.08 31.30 20.72 30.76 25.18 38.42 45.28 47.94 46.13 41.69 45.34 33.18 39.09 35.88 33.27 18.09 12.23 14.14 9.14 1.53 5.82 4.74 4.57 21.56 15.08 23.16 19.27 22.88 14.72 30.50 28.66 39.89 40.67
21.86 32.65 37.21 19.07 26.73 18.02 40.53 28.57 39.49 21.94 16.08 14.08 10.30 10.75 17.07 26.19 20.23 31.35 19.94 25.50 25.02 36.60 44.99 40.89 39.84 48.89 39.20 47.85 45.50 34.89 38.64 40.45 18.38 11.55 7.54 9.53 12.63 1.91 7.70 12.88 21.36 22.55 28.46 24.20 26.95 24.64 29.43 33.18 45.33 40.94
34.44 23.69 27.16 20.28 30.43 37.24 30.75 31.63 35.04 23.60 17.69 8.07 1.15 11.42 21.62 18.89 30.62 18.14 28.25 32.40 35.14 42.96 40.53 38.25 35.84 48.02 39.58 48.17 43.72 35.62 38.51 29.75 17.08 19.31 9.29 3.30 7.38 3.15 5.20 17.73 12.40 30.90 23.88 19.81 24.44 19.77 19.27 33.34 47.59 44.84
26.82 27.77 21.71 33.42 38.52 41.41 28.24 22.18 20.35 17.31 22.21 17.07 13.05 3.49 22.81 22.63 23.06 22.13 31.70 35.67 27.39 35.40 31.05 45.59 34.59 37.21 43.86 43.10 43.53 43.78 46.10 33.46 22.20 15.22 12.47 6.55 5.51 2.26 2.13 9.40 23.40 24.29 21.46 18.76 29.86 29.56 19.37 27.56 34.32 41.33
37.26 24.44 18.54 25.57 28.70 42.62 25.28 25.78 21.72 20.67 28.93 25.80 22.50 5.86 15.73 11.34 24.64 19.91 29.61 24.48 38.93 36.63 30.62 37.75 43.25 34.94 39.49 42.91 48.27 47.99 47.48 39.35 22.20 12.14 4.71 16.25 13.51 6.40 0.94 11.88 13.67 20.69 22.07 28.50 20.84 16.67 31.39 25.37 37.05 33.95
31.85 30.46 33.74 17.55 22.67 27.73 35.88 20.75 22.42 23.76 24.09 15.96 11.65 23.28 11.07 8.50 13.99 25.94 17.73 22.93 32.29 37.81 30.52 31.18 39.60 32.19 31.88 30.81 47.07 45.99 38.08 44.15 38.22 14.41 18.49 5.35 2.13 15.04 7.24 3.07 8.29 14.06 27.82 27.14 25.81 26.12 30.43 35.50 38.89 36.48
26.66 34.18 31.46 24.32 23.05 25.68 22.15 25.90 24.82 32.34 24.30 25.59 19.74 18.15 12.91 12.84 22.09 13.70 14.94 13.51 32.10 25.09 24.49 37.09 36.39 42.74 37.29 42.09 49.15 49.21 46.83 33.91 27.40 34.56 22.02 8.02 7.00 5.66 1.40 8.83 10.31 24.40 28.62 25.89 16.49 20.62 32.81 31.84 35.27 31.68
33.52 28.57 31.59 26.95 17.58 30.87 31.85 28.44 36.66 32.13 31.08 30.64 14.72 21.74 13.97 18.13 20.89 15.69 5.31 20.40 19.85 24.88 22.96 29.05 42.19 46.80 43.60 44.38 40.68 42.71 48.74 48.91 30.77 38.10 28.37 21.48 17.32 4.82 13.90 10.81 10.76 26.65 27.61 22.83 17.17 13.95 33.94 41.70 36.64 38.84
31.35 26.66 36.43 37.47 24.49 25.43 27.37 26.29 21.81 23.24 25.32 31.43 17.55 18.24 25.43 10.30 16.85 6.50 21.66 10.20 24.37 17.54 33.38 41.13 33.72 37.74 34.16 43.01 42.91 49.32 41.10 47.81 33.41 28.06 28.80 25.32 19.50 5.24 9.14 20.11 26.59 27.17 17.18 17.18 24.47 17.40 31.04 31.99 31.13 41.84
35.00 41.25 25.89 29.02 29.07 19.57 19.44 22.63 25.18 18.50 28.42 34.23 18.84 29.86 25.35 25.48 17.85 25.56 25.89 23.31 23.17 21.39 35.32 41.69 40.52 40.12 48.21 35.36 37.36 46.74 36.92 48.00 47.43 34.32 37.53 35.32 15.50 17.25 14.34 22.83 30.50 16.08 15.60 11.32 8.76 24.64 24.06 22.53 37.63 39.00
40.25 37.65 30.39 32.20 26.62 18.56 18.94 11.71 10.57 22.58 19.60 18.28 28.93 26.89 28.07 26.64 20.97 25.70 19.03 15.60 19.64 18.68 25.68 43.36 36.28 45.18 42.18 37.75 48.05 36.81 38.56 43.64 43.59 49.55 47.93 34.37 32.19 17.95 17.75 24.11 22.98 27.82 15.78 20.77 17.60 22.05 18.98 28.77 41.65 32.00
36.40 26.40 34.30 32.95 25.00 25.49 9.97 14.58 20.42 8.99 21.22 15.20 19.44 17.05 17.27 14.99 28.70 25.30 14.03 15.81 20.59 17.15 24.31 22.56 30.15 28.60 41.73 47.86 44.31 32.09 43.48 45.29 45.67 47.13 41.54 36.73 24.34 25.99 21.91 14.56 20.75 15.23 13.84 8.01 19.84 12.45 23.76 19.11 29.50 38.39
41.27 43.80 38.55 36.54 31.23 17.67 15.65 5.65 21.76 25.64 8.80 18.11 16.58 13.69 23.20 12.41 19.38 27.23 27.21 17.40 25.05 12.42 27.52 34.80 35.06 30.96 28.24 40.27 49.73 32.61 34.87 34.85 34.88 33.87 44.95 38.12 40.97 35.63 27.11 12.02 12.34 17.11 9.14 8.94 17.55 21.28 16.44 16.27 19.76 29.74
46.35 37.95 30.26 37.40 32.93 26.14 7.64 7.40 6.73 22.13 10.30 15.99 24.42 29.27 12.15 9.70 18.14 24.88 16.31 19.04 26.43 24.90 29.91 36.30 30.98 38.12 32.60 43.36 43.91 41.92 38.51 30.21 39.35 39.57 38.39 41.11 42.45 43.82 27.87 16.85 12.43 13.20 9.46 11.52 12.80 19.23 13.11 13.82 12.80 28.67
43.25 43.51 43.73 37.87 28.51 19.15 11.21 14.22 2.85 17.70 19.81 25.18 25.63 29.12 11.05 18.19 11.71 10.40 21.10 16.45 17.71 29.71 27.89 30.28 39.01 41.07 48.60 46.09 39.23 35.83 36.66 36.84 29.17 29.92 35.63 36.22 45.12 39.63 31.84 18.19 9.83 8.86 4.26 12.26 23.17 11.93 10.47 13.40 21.60 24.96
44.45 45.18 38.09 46.18 31.51 13.27 11.55 14.51 20.33 17.77 17.41 30.87 20.29 12.24 13.15 23.42 15.16 5.66 23.05 26.53 25.25 17.62 23.84 23.75 37.74 31.84 42.69 44.93 33.22 34.95 39.61 31.24 38.55 33.71 31.32 35.56 48.47 46.64 27.66 28.27 21.65 4.25 15.96 15.17 15.18 18.83 5.79 18.15 24.40 33.14
44.31 39.49 35.10 38.23 22.93 11.78 16.68 18.40 14.87 12.47 11.58 17.44 28.51 12.73 15.34 17.39 24.35 17.37 12.30 26.71 33.68 23.72 26.15 23.11 21.84 41.62 46.18 43.10 36.38 44.00 32.84 40.40 32.83 32.97 31.53 43.79 40.58 31.68 39.09 31.45 18.22 8.76 15.02 15.41 25.74 12.56 14.64 10.60 14.70 26.95
46.23 43.45 45.32 43.04 35.18 30.20 20.67 10.83 18.26 16.59 21.25 14.68 11.13 18.39 24.29 20.25 20.32 25.47 25.17 27.03 20.43 16.30 23.44 15.58 17.84 30.51 31.74 41.72 45.18 33.83 40.08 45.46 38.30 37.77 46.47 44.19 47.38 37.55 44.01 35.97 15.27 9.48 22.12 26.91 27.31 20.47 11.59 20.11 27.43 22.78
