15.83 12.59 15.66 13.40 14.96 13.74 18.37 21.55 17.45 17.43 20.20 24.23 23.82 22.17 17.26 16.61
17.37 12.92 17.49 18.99 19.84 18.00 21.50 21.12 16.33 18.80 22.90 25.17 27.96 21.79 23.91 22.15
13.79 11.01 19.97 21.08 21.79 23.86 19.45 20.94 16.59 14.65 23.86 29.31 27.19 22.93 18.08 25.96
10.17 18.02 15.74 18.05 21.35 17.75 19.64 17.78 17.90 15.03 19.52 23.63 29.84 26.72 26.60 18.86
13.08 18.12 16.60 16.79 21.90 22.02 23.09 23.00 14.41 15.64 18.10 25.21 29.27 29.37 23.09 26.59
16.20 12.14 15.42 20.65 19.21 24.63 25.57 25.34 22.08 15.29 14.16 26.05 27.05 23.17 21.52 21.33
12.15 16.13 16.21 19.98 18.27 18.54 22.79 19.61 20.64 17.20 16.29 24.59 25.30 21.51 19.24 20.77
18.56 13.28 13.34 21.72 19.96 20.04 18.01 16.45 18.58 20.90 18.89 16.81 22.92 26.51 21.62 17.00
18.01 20.40 12.69 12.30 16.67 23.64 20.54 16.67 13.41 16.17 18.69 21.37 20.56 27.49 25.08 22.64
14.49 17.59 19.23 10.26 16.53 22.92 24.73 22.90 16.91 12.33 20.84 22.32 22.12 28.28 21.59 25.21
16.59 20.64 20.72 21.22 12.84 14.66 18.18 24.41 17.38 14.42 20.12 18.81 27.11 21.83 24.91 27.40
20.20 15.57 15.18 20.49 18.24 12.37 17.58 17.37 23.36 17.57 14.06 17.23 19.62 23.34 24.42 21.87
18.06 15.08 20.47 18.49 16.64 18.19 18.28 21.77 15.08 16.11 11.63 11.65 15.17 21.08 18.08 19.69
15.70 20.41 17.23 19.44 20.23 18.18 23.29 17.77 22.14 19.43 11.49 9.00 18.35 14.60 21.94 20.39
21.46 14.46 18.34 15.47 20.04 20.06 17.27 19.77 20.69 21.19 12.63 16.52 14.95 14.77 17.47 22.03
19.97 21.87 21.51 17.28 13.91 16.59 22.93 17.63 16.31 18.78 15.42 15.55 19.34 13.92 19.02 20.62
