22.92 23.44 23.42 23.05 22.98 23.11 23.84 23.54 22.94 23.47 24.09 23.66 24.13 24.63 25.46 26.40
22.25 22.51 23.66 22.69 22.51 23.25 24.10 23.58 22.76 23.04 24.10 23.43 24.19 25.20 26.12 25.41
21.51 22.86 22.00 22.68 22.45 23.64 23.01 23.72 22.29 22.36 24.10 23.93 23.90 25.43 25.36 25.04
21.39 22.02 21.44 22.06 22.15 22.41 23.02 22.74 23.61 23.13 23.13 22.89 23.42 24.42 24.93 25.39
20.82 21.92 21.62 22.12 21.98 23.12 23.53 23.43 24.18 23.09 23.49 23.87 24.33 24.03 25.26 25.06
20.72 20.69 21.30 21.06 21.26 23.13 24.23 23.95 24.28 23.87 22.72 23.31 24.46 23.60 23.49 23.65
20.68 21.50 21.09 21.26 21.95 22.85 22.86 24.19 24.50 24.14 22.69 22.73 24.31 24.06 23.84 23.09
21.61 21.72 21.02 20.62 21.68 22.43 23.81 23.65 23.66 24.51 23.83 24.27 22.93 23.50 23.59 23.75
22.33 21.28 21.90 20.66 21.74 23.17 22.71 23.69 24.72 24.47 23.44 22.69 23.45 22.82 23.28 23.67
21.14 21.99 22.07 20.82 20.77 21.98 22.04 23.72 25.02 24.19 24.61 23.73 23.31 23.21 22.52 22.48
21.40 22.02 20.99 20.39 21.17 20.99 22.13 22.50 24.44 24.36 25.13 25.17 24.45 23.28 22.05 22.23
21.36 20.67 21.80 20.56 21.41 21.74 22.70 22.66 24.24 24.06 24.44 24.14 23.55 23.52 22.77 22.41
20.95 21.98 21.54 20.67 20.79 22.63 22.27 22.37 23.66 23.62 24.83 23.43 24.27 24.05 22.36 22.20
21.44 21.83 21.01 21.47 21.89 22.51 22.16 23.09 23.57 23.28 24.15 23.88 23.54 24.56 23.31 21.75
20.73 21.67 21.79 21.47 22.04 21.19 23.06 22.51 22.58 23.18 23.50 23.77 24.55 23.75 24.17 23.77
21.77 22.24 21.25 20.66 21.86 22.98 22.99 21.85 22.53 22.55 23.82 24.52 23.56 24.82 23.24 24.28
