45.43 46.94 37.07 46.48 41.35 33.61 37.26 46.17 41.56 44.16 45.33 48.40 45.99 40.24 32.75 24.55
39.99 36.54 43.87 45.30 32.59 33.61 28.17 44.08 41.96 33.67 37.45 48.05 43.88 34.71 28.88 30.39
46.90 44.72 36.49 43.50 41.62 26.74 27.04 31.39 28.74 44.87 48.23 36.15 34.43 44.78 31.21 27.46
39.70 32.94 37.08 41.44 46.97 38.37 24.42 25.75 29.52 33.31 41.23 40.72 42.89 45.79 30.27 39.63
32.26 45.46 41.07 38.48 37.31 28.01 31.81 18.61 31.17 31.41 28.38 33.82 49.13 38.16 30.03 32.76
32.24 38.35 48.97 33.03 42.58 25.28 17.00 21.29 24.47 28.25 39.73 36.78 47.75 36.98 24.66 34.60
31.30 29.58 41.33 34.52 27.14 33.04 30.02 28.96 20.75 27.21 35.43 33.74 43.83 36.81 31.10 31.34
37.84 37.31 32.17 40.46 32.26 39.34 28.96 25.39 18.32 26.80 39.09 38.29 38.53 30.50 23.46 33.88
33.91 32.93 35.80 36.52 28.05 31.83 30.87 25.37 28.89 22.97 25.95 33.28 30.77 37.69 35.25 36.97
24.77 22.01 38.25 40.51 24.98 34.68 34.60 39.80 26.21 21.13 26.65 29.84 29.48 27.69 34.82 37.20
19.44 28.38 31.73 39.27 24.92 39.10 33.31 29.69 26.67 29.62 36.16 23.10 27.66 29.29 38.13 37.28
14.50 14.10 32.95 42.05 40.24 41.37 26.44 37.46 24.83 29.73 21.65 18.71 32.90 32.86 24.50 26.86
23.82 28.74 31.09 43.76 46.46 46.26 34.62 22.29 25.65 33.40 26.50 28.86 30.41 32.12 34.26 25.22
25.59 35.71 40.04 32.22 46.67 43.15 28.01 26.45 18.03 16.45 18.35 25.03 32.61 22.70 32.33 37.66
26.43 26.67 37.31 48.08 45.57 33.50 24.67 20.41 30.09 16.64 21.34 28.57 18.62 18.81 35.29 35.24
22.89 30.06 42.59 46.75 35.68 31.28 21.87 21.49 16.29 12.11 24.08 13.73 27.35 31.59 28.21 40.85
