15.91 15.78 16.33 16.68 15.83 16.77 17.64 16.96 17.92 18.24 18.93 19.04 18.88 18.10 19.08 18.27
16.70 15.24 15.93 16.82 15.88 15.92 17.22 16.77 17.32 18.92 18.15 19.21 18.73 17.91 18.23 18.83
16.73 15.42 15.87 16.10 15.81 15.67 17.33 18.12 18.43 17.29 17.75 18.31 18.21 18.76 19.37 17.96
16.76 16.59 15.90 16.27 16.35 17.01 17.32 17.95 17.08 17.80 16.94 16.84 18.25 18.63 18.41 19.31
17.33 16.12 17.00 16.11 16.97 16.33 17.18 18.30 18.71 17.06 16.74 17.57 17.90 17.40 17.70 18.00
15.91 15.64 16.80 17.25 17.36 16.19 16.01 17.33 17.82 17.04 17.31 17.62 17.68 16.93 17.18 18.28
15.60 16.43 16.44 16.43 17.56 17.68 17.02 16.14 16.83 17.82 18.17 17.16 16.47 16.09 17.63 16.76
16.90 15.61 16.27 16.16 17.91 17.46 17.98 16.93 17.36 16.62 17.18 16.51 17.33 16.96 17.36 17.68
16.99 16.51 15.63 16.54 17.69 17.18 18.21 18.42 16.67 16.46 17.68 17.16 16.07 17.52 16.81 17.52
15.95 15.98 15.61 16.52 16.16 16.67 17.75 17.94 17.91 16.86 16.79 16.72 17.41 17.71 17.27 17.53
15.41 16.56 16.50 15.91 15.70 17.21 17.94 18.66 17.19 17.88 17.47 16.78 17.05 16.37 16.59 17.27
16.16 17.08 17.37 16.29 17.23 16.67 17.50 17.47 17.92 16.94 17.98 17.48 17.86 17.92 16.93 16.02
17.19 16.21 15.87 17.19 16.92 17.60 18.03 17.17 16.76 16.61 18.09 16.85 16.93 18.22 17.62 17.01
16.83 17.41 16.50 16.75 16.71 18.25 17.03 16.80 17.15 17.73 17.76 17.85 17.76 17.76 17.06 16.96
17.48 17.63 16.45 16.14 16.34 17.47 18.20 17.13 17.07 16.95 17.51 18.46 17.91 18.39 17.06 17.04
17.05 17.54 17.16 16.17 16.23 17.27 16.75 18.00 17.64 17.36 18.07 17.58 18.35 17.90 16.67 16.81
