21.68 19.01 21.72 23.17 25.55 26.19 26.71 22.24 19.09 14.88 19.45 18.25 18.10 15.41 11.31 10.98
18.21 24.90 18.84 24.06 22.00 27.32 23.21 18.28 17.99 17.54 20.97 17.53 15.77 12.07 7.83 8.23
18.55 21.08 17.49 23.63 19.49 18.70 25.16 17.36 12.86 19.71 22.42 20.94 16.30 9.98 11.86 11.70
23.17 15.38 17.28 20.05 18.52 17.30 16.80 20.00 19.82 15.77 20.18 16.40 20.85 17.02 9.01 14.12
19.29 14.79 19.85 17.67 13.84 13.85 14.30 18.70 21.02 16.36 17.71 15.74 16.16 11.26 15.12 14.31
13.25 18.27 14.34 13.71 13.92 11.68 17.05 20.40 16.78 20.61 20.00 14.50 13.29 15.33 18.36 18.55
13.85 11.05 13.91 10.36 8.94 17.04 20.91 20.00 20.42 18.26 18.14 13.27 14.36 13.25 13.87 20.16
10.34 8.29 10.82 9.46 14.26 16.55 17.03 21.77 16.71 22.23 17.90 13.12 12.45 9.39 9.93 12.91
10.70 5.37 11.34 8.23 9.94 15.21 14.03 14.22 21.46 18.97 19.75 12.96 12.46 10.44 12.53 8.98
10.68 12.54 6.40 13.55 13.03 14.92 13.05 16.82 19.89 24.59 15.42 10.97 6.95 6.95 8.24 5.22
14.99 15.80 15.09 10.29 16.67 13.80 18.17 20.13 23.93 25.70 14.73 9.71 5.94 7.94 2.60 7.54
19.43 19.48 11.79 9.35 7.63 17.74 16.88 15.17 22.49 17.63 16.11 11.63 10.34 3.79 9.13 11.35
23.05 20.78 20.30 17.17 15.94 13.11 10.94 18.68 15.35 15.78 17.66 17.11 9.22 6.72 10.50 8.95
25.52 26.41 20.13 19.44 14.98 12.69 17.42 19.85 16.40 11.30 11.03 15.46 9.60 4.12 7.65 13.56
24.61 20.11 25.07 23.22 17.36 19.18 22.04 15.80 20.52 13.69 14.76 8.15 12.18 9.16 8.54 5.38
17.83 19.34 18.75 24.82 21.64 22.44 15.45 14.14 19.90 12.94 10.77 14.86 12.42 10.09 3.98 5.68
