32.62 29.10 22.82 24.47 22.79 22.61 23.30 24.99 27.66 35.17 36.67 38.49 47.54 46.16 42.46 34.93 43.10 34.33 38.95 44.70 40.76 41.98 44.36 41.80 43.45 37.14 30.74 25.02 31.02 34.38 28.12 19.74 14.48 12.11 12.12 2.76 0.05 2.49 5.27 14.06 9.12 16.33 18.11 27.48 33.77 29.47 22.31 29.07 23.12 32.22 32.42 36.42 43.19 42.82 33.15 25.96 16.07 12.60 4.77 1.14 5.67 8.74 4.99 10.28 16.30 9.76 9.57 4.30 6.89 16.67 17.89 15.68 14.28 22.34 27.55 23.11 26.45 30.19 21.48 12.72 12.49 14.51 5.81 12.77 19.03 26.51 23.59 25.04 22.90 22.04 17.96 10.37 0.85 0.67 9.62 8.15 10.63 7.59 11.31 8.15
29.05 22.74 18.03 30.03 16.15 18.72 31.10 22.52 22.44 36.16 45.27 38.94 33.29 47.33 42.44 35.13 29.82 29.88 42.45 41.35 38.57 41.18 49.32 35.44 48.40 47.98 29.70 31.90 25.02 23.36 18.02 20.15 24.44 24.47 11.52 3.91 0.02 9.86 17.68 4.87 2.31 15.92 16.66 31.92 23.83 32.76 23.33 14.79 31.70 32.80 31.46 40.28 39.59 48.87 40.10 23.07 13.34 6.07 6.57 0.95 7.50 6.27 10.61 16.47 4.43 0.71 13.55 2.47 6.95 20.22 14.32 15.70 11.77 11.34 25.27 26.66 24.25 22.40 26.71 21.57 13.44 7.31 3.40 11.53 14.07 15.67 18.15 15.47 27.03 22.04 19.57 7.10 3.52 4.12 14.99 13.30 7.56 16.40 12.82 2.90
18.25 22.17 23.36 13.38 27.65 20.54 23.06 22.78 25.81 25.44 36.41 33.25 43.57 34.03 46.29 39.41 38.05 27.79 33.12 31.83 36.47 48.20 49.74 37.34 33.56 34.02 40.21 34.37 18.74 17.91 18.34 24.05 13.69 23.56 8.21 7.96 8.27 15.96 21.87 11.42 16.74 10.68 21.87 33.03 28.18 22.51 17.93 19.69 25.74 36.14 31.56 31.86 48.74 40.12 43.07 22.35 22.30 9.23 7.86 13.92 3.69 16.85 2.77 11.57 1.86 12.37 6.66 5.56 16.88 13.83 7.20 2.50 18.84 9.48 16.67 17.81 20.39 14.66 31.28 18.08 9.57 16.22 17.67 12.14 7.42 5.10 13.90 12.49 15.46 29.10 17.33 6.47 8.08 13.23 10.81 15.44 4.08 7.72 14.61 17.75
13.20 28.35 21.87 22.08 17.30 16.30 27.79 21.85 19.28 20.04 27.69 41.44 34.07 36.53 36.72 38.08 30.43 37.00 30.16 24.95 34.54 41.98 40.95 44.34 29.17 33.78 45.01 43.82 33.31 18.44 22.19 15.06 17.24 25.27 12.20 9.83 4.49 14.66 13.26 16.63 20.63 25.24 29.65 33.98 33.67 22.62 23.97 13.12 30.83 31.21 40.36 29.81 29.13 34.84 26.18 23.74 25.38 15.95 17.17 10.17 17.95 16.32 2.50 6.28 10.34 17.01 12.81 20.05 7.71 18.74 17.05 11.13 15.97 22.14 23.56 23.04 9.33 14.71 15.00 27.67 12.34 17.19 21.45 13.15 12.99 17.69 2.40 2.43 9.91 16.43 12.87 10.84 9.51 16.40 18.97 5.44 17.46 13.89 18.84 14.37
19.83 27.93 24.70 28.40 25.17 23.25 25.58 15.04 11.57 10.41 17.62 39.55 47.57 44.34 35.23 40.97 43.37 28.21 22.10 21.53 22.03 39.87 33.41 40.73 43.59 43.30 48.21 48.56 27.18 35.12 14.39 15.00 14.99 22.25 11.69 8.53 7.86 3.44 4.49 19.10 14.57 22.60 21.82 22.22 37.96 29.40 19.45 19.66 16.93 24.02 23.55 27.50 32.65 28.60 33.73 33.98 27.58 24.10 23.34 12.03 15.66 18.76 11.70 14.24 20.84 12.58 22.37 6.77 3.40 9.30 17.46 11.69 22.41 18.17 13.95 17.64 20.77 17.35 9.35 26.07 23.33 25.19 27.26 16.90 21.14 7.21 1.80 9.73 11.93 8.38 10.20 15.23 8.95 21.96 9.16 14.05 14.31 12.74 23.44 25.50
21.21 27.20 20.26 31.16 27.27 26.34 18.61 22.25 19.95 20.23 31.70 31.48 45.85 37.41 49.31 48.02 33.22 30.04 23.93 14.81 20.73 22.12 40.08 35.76 44.06 46.80 47.85 45.24 44.68 36.17 31.19 27.81 23.16 18.40 24.35 5.63 3.94 5.98 7.66 20.22 11.95 17.43 11.35 24.97 31.53 33.44 16.09 20.86 22.68 26.71 31.82 19.77 31.10 30.49 30.45 29.07 23.57 15.86 10.79 23.84 25.10 12.12 22.17 20.44 7.34 22.12 14.24 17.46 9.08 3.88 13.65 7.94 20.48 10.88 22.99 28.57 11.52 11.94 7.11 18.34 23.36 34.54 17.57 14.34 5.63 11.03 6.15 1.82 0.52 15.89 20.15 17.25 15.29 14.26 7.50 16.62 17.78 7.42 17.06 13.08
28.60 28.15 19.46 21.39 32.28 19.73 12.02 28.01 20.20 23.42 33.62 43.88 42.85 42.67 42.01 36.99 44.14 38.53 35.19 15.04 20.73 34.94 25.47 37.78 40.50 45.26 45.72 46.58 43.59 42.50 36.76 22.95 16.68 20.14 12.01 19.44 18.54 4.71 15.36 11.12 8.08 19.52 9.67 14.77 16.27 19.50 26.30 17.86 30.23 29.06 21.51 18.90 34.46 28.97 35.44 33.26 29.43 11.96 7.81 18.20 16.69 22.18 18.02 24.95 25.82 13.57 12.30 17.33 20.57 13.79 18.11 23.41 25.07 17.66 12.33 27.25 26.93 6.75 8.71 20.27 26.01 27.23 17.33 13.60 12.57 9.13 5.80 2.51 10.61 7.43 18.51 21.75 18.89 13.38 9.68 20.03 9.41 5.87 20.10 16.25
28.64 18.42 12.36 14.10 23.41 24.54 22.93 23.01 31.82 27.18 24.06 28.38 31.66 30.22 45.90 46.25 46.77 46.24 37.08 36.82 33.18 19.85 30.58 39.52 39.70 38.75 49.89 45.04 36.81 38.21 40.84 38.68 20.32 12.09 23.04 8.90 20.75 6.74 13.84 18.44 21.57 20.72 8.28 20.25 20.24 15.11 11.79 25.14 25.93 33.22 32.55 24.51 36.69 36.51 42.95 44.41 31.30 26.10 7.50 15.71 20.42 22.64 14.88 24.33 23.58 19.36 6.44 22.61 21.45 10.04 14.72 15.48 12.82 22.42 22.65 30.45 32.03 13.00 20.01 23.08 24.39 23.95 13.16 9.50 2.47 3.22 8.14 2.46 2.62 14.76 15.71 19.67 13.80 4.50 16.54 10.81 8.74 3.85 16.23 20.30
32.95 25.94 13.47 21.77 20.04 20.04 24.32 30.32 30.05 19.51 29.89 33.85 26.64 32.45 35.30 33.86 36.40 47.51 41.50 37.27 35.13 38.67 35.62 28.60 29.11 33.40 33.93 46.12 39.34 44.21 47.60 31.35 23.80 19.19 18.16 19.48 9.11 17.04 23.29 22.19 19.01 8.14 9.70 19.46 23.91 23.67 23.97 27.45 37.45 27.30 24.44 37.51 25.52 29.39 47.77 37.11 41.48 25.37 24.77 8.44 21.36 19.92 18.09 29.34 26.26 22.28 11.18 22.57 22.14 11.16 16.26 7.10 19.50 14.32 24.44 36.11 32.87 22.51 28.27 25.09 16.99 17.06 24.28 14.66 9.81 0.97 8.94 14.44 5.70 16.25 14.64 15.52 12.90 12.55 16.73 19.81 8.20 8.64 18.01 8.35
20.61 13.83 16.25 25.30 21.48 11.86 25.33 22.58 23.28 21.86 25.12 24.97 25.85 22.07 25.18 28.12 28.43 28.59 33.57 30.20 30.87 41.97 44.69 35.21 30.54 25.32 29.71 35.63 40.81 40.26 44.54 27.78 30.86 17.60 20.22 10.11 14.65 19.91 20.98 16.61 21.56 10.85 14.10 20.51 17.71 20.77 28.58 25.00 32.35 26.69 23.51 32.30 26.56 33.94 37.87 43.06 43.92 28.69 28.05 30.65 23.16 21.63 15.70 15.68 19.48 24.69 24.25 16.05 22.06 25.00 15.75 13.01 21.60 23.76 15.61 24.59 32.44 24.36 23.44 16.87 19.75 13.73 25.52 27.68 15.29 13.28 18.41 12.30 6.05 1.82 10.20 7.42 13.91 8.28 20.28 12.46 6.87 16.67 6.48 15.77
9.34 15.14 9.03 19.46 14.67 19.05 15.39 14.72 25.38 21.96 31.88 16.96 14.15 29.63 32.93 36.23 32.13 38.40 36.63 23.04 31.76 37.02 37.36 42.13 24.73 24.79 35.59 35.70 44.61 46.69 33.29 28.03 17.52 15.51 19.69 14.17 9.68 19.29 16.85 10.86 22.41 19.21 24.69 11.41 12.51 20.49 17.35 29.90 32.89 22.57 30.16 25.97 35.17 42.07 37.67 48.86 39.05 31.66 24.78 24.85 21.70 16.61 12.03 21.75 17.46 26.58 23.97 14.51 29.28 25.71 24.39 11.31 16.34 15.53 15.49 29.95 25.25 31.27 14.16 25.51 16.58 11.01 19.92 25.18 16.47 9.54 12.59 11.86 9.28 9.91 0.20 1.66 0.20 20.22 21.52 16.26 22.22 16.22 19.19 8.65
3.51 9.60 12.67 11.48 24.53 20.62 15.60 20.04 19.19 18.76 19.06 22.29 20.76 20.38 26.54 41.56 41.03 45.75 37.62 27.44 23.28 27.98 35.21 27.93 27.29 37.26 24.87 27.54 38.10 42.43 28.06 24.52 14.30 25.66 9.29 11.00 20.19 10.99 21.41 15.75 16.65 22.01 19.38 13.72 4.81 17.90 14.97 13.79 16.04 16.95 20.43 23.02 22.64 26.90 36.34 32.14 32.31 35.51 25.62 24.17 15.63 18.67 12.98 20.44 27.94 31.89 24.93 24.80 30.40 17.98 21.63 21.64 23.67 19.27 21.78 22.06 21.15 26.68 20.65 19.17 10.09 22.55 25.35 28.06 27.28 14.58 19.24 6.12 5.09 13.65 5.89 6.14 1.43 13.67 23.70 16.59 26.39 30.52 18.66 19.89
11.85 17.73 17.12 20.51 26.37 19.18 21.87 19.76 9.81 10.25 25.47 12.39 21.02 25.41 38.35 34.15 44.36 46.30 36.40 26.54 16.78 24.07 19.01 27.03 34.78 25.01 28.01 31.59 32.15 39.75 42.32 26.87 30.91 13.60 15.47 11.71 6.17 23.28 18.00 24.53 11.59 9.86 19.23 22.97 6.49 8.26 6.44 11.09 16.59 8.29 19.07 18.26 16.21 25.40 36.15 29.28 41.21 25.78 21.45 16.15 20.81 25.99 12.85 27.39 24.39 21.06 27.67 32.84 29.07 22.33 16.23 14.83 20.06 24.28 14.69 16.01 15.81 29.88 33.13 24.25 14.70 27.37 19.89 23.63 28.73 13.45 19.60 12.54 16.00 19.35 18.17 11.62 5.00 19.12 26.71 29.46 35.73 21.48 31.88 30.01
8.71 18.00 8.39 17.98 22.63 26.67 30.40 11.71 19.04 22.39 16.51 28.25 27.32 31.56 36.22 31.86 45.29 40.62 29.48 27.53 15.67 9.26 20.12 25.50 26.16 28.67 27.59 26.69 24.28 29.63 38.53 28.75 28.86 31.93 15.99 17.99 24.03 19.71 19.88 9.44 14.96 6.61 18.28 11.06 12.64 12.45 7.65 18.08 15.56 17.71 8.92 22.08 27.73 19.56 22.25 27.13 39.32 34.59 33.88 26.04 12.84 28.08 16.30 19.07 32.62 21.94 16.30 34.42 31.48 29.71 26.96 20.21 28.82 13.32 15.02 13.55 27.24 36.27 22.74 25.90 31.81 20.86 30.29 35.51 29.68 16.65 17.76 9.74 21.45 22.62 23.98 5.26 9.36 7.80 19.93 20.28 21.80 34.45 23.45 33.35
20.14 20.90 13.42 21.80 21.93 34.20 23.10 23.23 23.60 11.21 24.61 14.30 34.99 30.96 36.87 40.34 47.29 32.97 39.17 32.21 20.38 8.94 6.84 22.39 20.51 17.25 31.84 24.26 30.73 40.56 34.82 35.59 30.01 22.29 12.45 18.90 18.89 18.87 23.51 24.94 12.31 4.16 15.66 15.75 15.39 19.23 4.80 20.69 20.12 23.07 23.40 16.14 20.78 19.54 21.15 25.43 33.90 44.97 35.89 19.47 29.40 21.42 25.97 28.79 20.97 30.18 22.97 17.89 24.59 29.91 32.07 31.68 28.36 21.36 13.70 25.05 17.74 30.42 30.25 33.56 25.62 35.49 21.41 23.98 30.21 16.17 14.54 9.81 23.73 17.50 7.98 14.72 2.01 10.50 5.62 7.52 28.22 18.75 37.32 27.01
30.46 15.83 18.29 22.95 16.05 15.74 14.90 18.51 14.35 22.11 15.82 14.23 14.32 34.68 39.76 48.37 46.19 35.54 42.14 37.33 28.66 19.40 16.11 9.31 25.20 26.85 26.34 21.51 33.40 29.36 33.12 42.83 27.44 21.90 10.56 13.25 16.91 12.55 26.73 26.78 8.29 6.38 6.88 6.47 15.76 14.49 8.79 8.91 20.93 30.55 24.88 29.38 15.51 20.13 20.60 25.01 35.54 36.77 32.96 27.27 28.40 27.19 22.07 29.38 35.06 33.68 19.83 13.13 18.71 25.12 38.74 36.05 24.24 23.75 25.42 18.64 13.74 24.43 29.29 28.93 36.26 20.50 27.45 23.25 19.19 20.29 14.79 13.24 21.56 13.04 9.00 5.69 12.28 15.16 3.59 4.84 24.39 31.86 29.20 23.06
27.70 31.59 15.06 14.51 26.03 14.69 20.57 21.21 27.70 12.56 7.85 16.60 27.21 30.35 41.94 46.25 35.52 43.02 35.90 33.04 24.82 20.40 8.51 13.37 19.95 29.00 21.01 18.62 21.85 37.75 44.53 32.44 23.06 16.79 14.69 12.19 6.04 23.52 13.40 14.60 22.14 13.56 10.78 16.78 14.33 12.26 10.56 4.00 8.82 15.62 17.92 19.04 26.72 20.00 20.04 19.16 38.98 38.85 28.99 20.18 29.15 32.65 20.63 25.74 36.42 21.31 29.41 12.67 21.95 19.76 33.43 38.49 33.09 21.04 12.55 8.21 24.34 22.66 30.65 24.88 30.07 22.01 18.63 18.07 21.85 21.56 20.78 12.81 10.40 13.71 10.25 14.77 12.58 8.97 6.91 5.00 8.67 15.14 15.39 14.79
20.51 19.74 28.72 17.81 10.45 25.43 15.42 25.00 13.47 8.69 5.91 17.05 17.59 38.71 40.59 36.27 34.88 29.76 36.14 24.38 27.88 29.71 26.02 18.80 11.75 20.79 20.62 23.54 31.92 31.83 37.91 25.54 29.97 15.76 11.69 13.10 8.01 4.72 22.70 10.65 13.97 19.05 10.09 8.34 4.23 16.33 2.33 7.38 10.30 21.28 23.53 20.23 18.52 27.27 18.42 19.64 31.21 44.10 42.02 26.76 25.53 32.53 36.35 24.34 24.34 32.82 28.25 31.53 23.31 28.30 22.50 41.66 28.54 16.93 14.06 11.13 18.20 30.67 36.69 40.16 38.89 36.56 29.90 27.59 31.56 28.50 14.00 18.09 13.80 8.89 2.17 2.92 15.62 10.46 8.13 8.89 1.96 14.39 9.42 10.19
15.42 22.73 18.98 16.52 26.02 19.03 24.04 28.74 13.17 4.99 17.61 5.74 29.67 39.25 34.94 42.38 25.95 28.14 25.93 37.07 39.17 30.96 22.24 27.86 13.59 8.46 19.61 19.55 34.39 29.49 41.12 28.96 30.54 27.27 15.75 20.53 3.44 13.48 11.05 21.10 24.88 13.51 18.86 6.45 10.17 3.52 4.01 1.24 15.43 12.46 10.70 10.75 29.15 18.88 29.37 27.11 27.17 41.85 29.41 30.23 20.26 31.56 31.20 29.36 26.59 34.44 36.52 39.52 23.18 30.28 36.32 34.80 23.56 17.17 24.76 20.98 14.91 24.50 30.65 28.00 29.42 40.49 33.10 33.34 28.36 16.17 20.39 18.23 21.58 10.52 8.79 12.94 16.35 16.89 2.05 7.13 17.74 5.12 10.95 5.78
13.26 24.45 12.51 8.64 24.94 19.06 30.99 26.56 14.52 16.09 16.58 21.49 26.01 23.91 36.69 34.01 28.56 20.31 34.44 42.81 43.67 28.99 32.65 14.45 24.02 12.63 18.87 20.81 26.97 26.89 30.86 38.98 26.83 31.71 26.59 11.03 11.34 7.32 9.50 17.89 15.89 9.40 19.21 18.26 10.87 1.14 8.65 12.33 10.78 14.00 8.47 10.77 15.40 16.46 26.61 29.11 35.17 34.39 24.10 26.68 30.22 34.17 30.13 29.00 36.86 26.92 43.29 41.23 34.70 28.10 38.36 24.81 30.77 19.01 11.30 18.11 26.59 18.82 17.06 18.73 26.69 26.06 39.26 31.39 32.76 19.28 10.73 21.15 11.76 23.14 8.88 7.77 8.69 15.84 13.16 15.25 18.95 19.46 17.29 3.11
13.80 18.89 16.83 17.12 22.01 19.73 29.55 27.95 16.09 16.82 24.81 14.43 23.87 34.85 40.75 37.35 30.44 28.90 28.34 29.09 29.47 25.44 28.16 21.63 19.56 23.62 27.36 22.78 20.00 27.59 24.61 22.20 26.13 28.83 22.09 19.37 8.28 0.35 12.71 8.62 20.66 14.86 11.83 13.46 7.71 4.21 10.95 16.95 3.76 8.16 14.49 8.67 10.19 19.78 24.38 22.50 26.65 30.43 29.29 37.44 25.00 19.92 36.46 37.17 39.28 46.10 38.83 41.30 37.71 32.98 25.04 24.96 14.98 18.02 13.47 19.92 29.39 15.11 21.07 24.15 28.19 34.48 22.85 24.25 36.06 19.72 27.42 27.21 23.45 10.14 18.56 5.43 12.63 15.91 7.50 15.18 20.90 23.96 25.28 24.51
14.76 23.34 15.46 27.22 22.24 14.58 18.25 26.28 30.74 21.89 15.62 24.65 28.68 33.23 45.81 46.66 36.60 38.75 31.38 23.41 17.87 33.21 26.29 26.48 31.14 19.14 15.65 15.76 14.80 13.65 31.89 23.06 21.07 28.84 21.94 15.34 19.80 19.12 16.42 11.89 5.64 7.74 9.37 4.38 12.26 18.69 5.49 3.65 9.43 17.24 6.04 16.98 12.69 9.47 26.17 24.07 19.83 35.31 40.47 25.65 20.08 21.38 34.43 41.74 49.65 48.05 45.86 32.62 35.32 42.75 29.62 21.81 11.43 21.03 12.52 19.84 18.51 25.42 30.58 21.54 29.55 26.92 19.54 34.96 36.37 25.02 14.91 15.88 15.19 22.44 8.85 20.97 23.52 15.93 16.80 21.05 27.35 17.33 26.03 17.72
27.65 15.64 28.44 16.37 21.53 26.92 14.12 31.89 22.59 22.11 27.58 26.62 36.38 36.05 30.99 41.61 45.72 30.19 26.69 34.30 17.43 32.40 31.39 23.42 29.63 16.23 21.69 15.56 23.29 26.97 32.43 22.28 18.48 19.95 14.09 10.71 7.01 9.03 19.64 10.82 17.32 15.59 11.33 13.53 7.28 5.96 4.15 13.55 17.32 20.13 21.01 14.03 18.80 17.08 27.28 30.72 32.45 38.06 30.69 23.42 19.41 24.56 32.77 35.45 44.92 45.30 36.55 42.15 28.61 26.66 38.30 31.45 15.78 22.88 26.22 18.41 16.02 19.58 31.60 22.16 29.53 25.69 23.77 21.91 23.57 25.76 23.56 17.15 9.72 16.20 12.71 11.48 17.39 9.14 10.79 20.74 27.92 31.24 19.69 12.00
26.71 22.16 17.33 29.95 32.26 25.51 21.79 20.55 16.07 26.47 16.46 32.91 37.70 33.78 28.28 32.55 47.21 36.04 39.99 25.39 33.87 22.78 20.88 34.55 26.99 13.66 20.21 13.39 13.84 24.87 34.29 32.63 15.16 9.78 7.36 4.10 12.77 18.11 9.81 12.88 9.30 6.23 18.18 12.53 19.31 9.21 10.42 5.73 12.93 20.98 13.80 6.95 16.74 16.26 17.52 26.39 34.71 25.00 27.87 21.38 30.92 18.34 19.51 23.57 36.01 36.64 31.60 37.15 42.03 42.19 34.48 31.29 25.04 20.96 17.56 27.94 12.45 23.02 19.16 23.15 34.17 19.08 20.83 23.85 26.41 16.11 15.52 16.97 14.50 15.12 4.93 2.63 8.33 5.84 15.55 14.92 23.49 18.08 24.87 18.71
28.61 19.32 20.30 23.92 26.45 18.05 27.19 30.21 28.40 21.04 24.99 30.72 42.97 38.27 23.71 31.20 30.06 39.20 37.40 36.56 26.97 26.58 22.53 18.26 32.47 17.35 22.38 22.72 11.63 23.13 37.21 23.90 21.99 20.18 16.88 4.16 8.84 5.46 14.24 15.18 17.52 21.68 18.61 19.55 9.59 5.93 14.09 10.45 17.45 22.98 9.04 11.62 11.78 6.80 13.21 29.52 29.20 38.62 26.31 35.33 26.93 26.42 23.38 25.17 31.79 26.93 28.41 34.38 31.87 34.87 26.18 21.16 24.59 13.99 11.15 18.97 29.60 11.45 13.72 14.76 21.94 33.79 25.94 20.74 29.19 28.86 18.53 26.16 13.11 18.10 19.85 3.23 3.59 13.79 4.66 11.59 20.71 28.23 29.03 17.55
15.37 26.62 28.95 24.60 16.07 29.07 22.53 24.74 17.28 17.53 23.33 26.89 32.82 25.98 34.91 39.79 28.48 32.40 33.78 41.00 40.37 27.21 30.62 30.18 15.25 17.46 11.86 8.64 18.59 12.81 24.20 33.67 23.47 30.22 14.29 18.57 4.15 17.85 22.59 10.35 15.28 16.28 19.01 23.32 8.91 13.08 4.10 17.30 25.65 25.26 15.20 11.52 16.83 9.75 21.59 15.14 29.35 33.76 28.51 33.27 28.01 20.67 25.78 29.21 36.34 21.93 21.83 22.96 22.22 37.98 38.76 24.82 20.06 12.93 14.27 20.79 29.83 17.34 21.61 24.48 29.06 34.18 20.72 33.29 23.85 23.05 22.50 19.91 13.80 12.00 5.44 14.68 4.72 14.72 15.70 7.00 26.81 26.14 31.47 32.19
17.97 18.55 26.81 20.16 25.27 18.43 24.66 28.56 17.34 14.65 24.33 24.42 29.45 40.33 27.17 39.86 40.46 34.25 35.07 34.06 30.77 30.09 36.87 31.04 26.62 24.62 7.44 18.80 5.20 23.42 26.67 31.00 37.42 29.57 32.45 9.20 19.24 8.05 12.30 7.91 20.03 23.00 20.84 17.85 6.54 5.15 17.14 20.40 30.65 31.78 13.67 10.40 14.56 23.22 18.55 15.02 17.24 32.99 31.78 28.12 27.96 28.76 20.45 31.32 29.65 31.65 33.07 28.12 29.38 31.81 33.45 28.51 12.85 8.37 22.95 19.11 13.20 27.94 30.12 33.88 31.41 32.69 23.78 26.61 30.56 30.44 31.32 29.45 20.33 5.33 9.13 15.65 4.52 17.58 12.11 7.35 21.50 24.17 37.70 25.48
8.62 16.46 22.55 28.68 14.11 21.83 27.82 32.93 30.08 30.32 15.13 22.36 34.15 39.49 30.10 30.88 27.61 38.45 30.92 26.03 20.68 29.80 32.93 41.21 22.60 28.48 10.28 4.77 5.68 11.80 30.22 25.38 30.90 33.15 35.97 14.54 10.82 9.76 4.91 2.84 22.33 13.30 25.36 27.43 13.10 13.34 12.10 20.71 30.10 22.10 14.55 16.02 6.38 20.81 20.20 15.15 26.93 30.40 21.16 22.29 27.33 32.68 33.70 33.62 22.24 23.58 20.34 22.68 30.16 32.88 32.70 27.81 19.73 12.37 12.28 13.07 24.51 30.41 24.00 23.93 33.54 40.15 35.71 36.23 30.35 28.59 23.84 27.55 24.41 11.08 10.47 3.08 13.88 20.94 15.30 4.80 13.48 17.26 24.08 31.16
21.06 12.17 11.20 15.00 21.99 24.84 18.39 18.19 37.51 28.64 21.98 30.78 39.55 39.46 33.21 22.83 25.27 26.73 38.62 37.69 24.57 27.46 42.78 29.62 25.20 18.22 20.38 1.60 15.46 16.98 14.19 15.58 17.01 29.05 28.32 14.82 6.96 18.10 3.19 13.86 17.26 25.46 30.12 31.04 19.68 10.38 21.47 29.77 34.81 22.37 17.45 18.87 19.02 10.15 19.78 16.73 17.15 32.04 28.87 20.69 26.76 36.05 24.22 29.37 28.29 31.62 26.69 33.67 32.71 36.30 26.25 33.13 18.86 11.32 21.60 22.45 25.70 27.62 24.65 27.50 21.76 27.62 35.43 25.49 23.25 21.60 27.61 25.17 28.84 16.18 0.46 4.42 15.18 21.84 23.20 16.76 15.19 15.77 28.17 24.93
10.39 10.23 17.73 25.93 13.40 28.42 25.73 30.07 29.33 37.31 21.75 28.70 38.15 36.25 29.87 27.78 35.23 25.28 22.54 33.77 21.14 33.22 41.49 42.65 21.96 20.39 16.42 10.70 9.49 6.96 11.29 11.06 9.23 17.47 28.20 26.11 25.01 20.28 3.90 15.10 23.65 25.89 24.09 29.29 26.56 26.71 15.48 28.62 23.13 26.17 14.46 15.53 12.35 12.26 15.86 24.29 30.48 21.60 19.70 30.05 36.22 35.00 39.32 20.32 18.58 28.34 27.16 36.16 41.14 26.17 30.78 25.33 31.71 14.93 11.92 19.47 33.34 29.46 24.90 31.16 27.18 36.08 33.35 22.20 23.15 28.80 18.35 26.94 19.40 15.54 13.60 12.93 5.11 19.63 22.89 20.43 25.51 29.15 18.18 14.69
0.92 16.79 23.80 16.58 30.83 31.94 37.14 37.92 27.73 28.97 39.14 40.44 42.85 36.82 30.75 26.34 33.67 37.23 31.59 19.16 34.47 34.40 44.72 36.99 23.85 14.50 13.65 19.42 18.21 17.75 11.71 19.32 14.89 25.22 29.15 29.40 18.76 11.86 21.20 25.04 16.13 31.32 32.01 37.75 35.10 24.99 27.54 22.44 22.28 26.26 11.00 16.26 16.88 17.69 14.08 28.53 34.26 23.92 19.18 23.69 32.47 38.34 41.90 23.39 17.22 17.46 35.60 36.73 28.66 40.21 39.67 35.05 26.79 23.40 19.20 19.36 19.80 24.30 30.75 32.07 31.57 36.66 26.82 23.31 17.93 17.69 19.77 30.23 21.67 23.52 17.63 3.64 11.93 15.84 23.26 27.36 32.29 23.91 29.41 14.43
11.31 6.98 22.92 27.49 30.70 36.47 44.18 34.06 26.25 28.65 39.24 45.88 41.08 33.80 37.41 39.73 33.02 27.75 26.88 31.13 20.24 39.31 47.82 43.98 22.41 17.96 17.74 13.94 17.03 14.71 7.29 12.18 11.20 19.80 32.30 21.88 19.34 16.10 16.69 15.80 19.19 27.38 26.27 40.06 31.89 38.83 22.12 17.93 18.18 16.71 9.73 9.67 10.51 13.17 15.01 15.67 26.66 35.45 15.96 28.28 37.42 40.51 30.51 34.11 29.75 31.05 38.58 30.63 41.37 36.65 42.50 36.21 36.15 18.52 26.02 27.67 23.30 33.23 24.97 20.27 32.71 41.22 30.02 16.57 12.21 20.03 22.00 19.36 30.92 20.30 16.12 16.08 17.80 14.12 26.51 23.59 35.02 24.74 23.20 18.70
6.42 3.80 14.34 27.67 27.76 27.46 36.17 27.28 24.34 29.14 39.18 33.15 40.95 42.51 43.93 38.21 40.73 40.39 31.65 20.72 29.02 33.74 40.22 32.95 21.23 25.72 26.52 20.83 23.94 6.68 13.29 3.89 2.11 13.97 31.54 17.82 10.35 18.10 24.58 28.62 26.97 33.69 26.63 35.45 45.85 29.04 26.82 30.23 15.40 16.50 14.19 14.13 19.18 5.93 19.90 20.20 21.70 17.25 20.08 35.29 45.14 36.11 43.81 27.16 39.02 30.92 32.59 44.66 35.22 38.35 41.51 48.32 27.66 30.72 34.30 29.29 19.83 32.95 33.39 23.93 38.21 28.81 19.95 12.25 18.13 11.90 21.07 14.97 24.62 29.37 14.12 11.70 18.14 15.92 11.86 18.48 27.37 27.80 15.72 16.59
14.45 15.88 16.62 29.15 26.90 19.66 26.21 21.57 21.93 26.40 28.22 30.98 37.44 34.78 46.03 45.87 39.21 43.68 43.86 21.89 18.03 26.74 24.13 27.74 29.57 15.85 16.54 31.79 16.88 8.01 10.70 10.36 15.06 9.60 15.84 21.77 20.58 11.29 23.54 33.86 27.87 28.63 33.59 44.67 35.40 37.58 36.82 28.17 28.71 14.11 24.02 21.76 10.11 16.00 16.28 12.02 12.07 18.88 22.66 22.21 31.09 31.70 31.79 40.26 43.61 32.32 43.68 45.46 42.07 30.01 35.62 45.27 44.29 42.01 26.07 37.07 35.73 37.26 38.00 39.88 26.52 29.52 29.65 17.12 10.11 19.07 16.32 17.90 30.07 28.59 26.01 16.89 17.78 25.92 17.36 27.28 20.51 18.83 23.04 9.39
10.64 9.23 23.56 30.64 18.19 30.31 30.66 31.09 28.76 29.74 24.90 23.14 23.21 27.11 33.20 32.67 34.27 41.66 32.37 36.40 18.82 17.03 17.94 26.83 34.33 21.14 11.72 26.24 12.85 18.13 15.43 13.83 5.28 18.69 21.55 21.60 19.13 22.79 22.88 32.67 40.04 25.90 39.33 38.17 30.85 42.42 33.18 35.08 22.20 29.28 29.59 24.79 18.55 20.33 20.06 10.36 12.88 15.85 19.55 15.23 28.46 39.35 39.05 38.94 47.96 48.51 43.34 42.78 46.34 35.06 45.02 34.23 34.53 27.23 29.27 26.92 30.70 26.70 45.18 28.98 32.07 29.63 31.99 23.16 10.20 6.65 12.92 25.44 27.62 25.25 17.49 20.23 23.38 20.92 18.60 25.81 21.04 27.40 16.10 19.41
2.77 18.61 21.17 31.62 29.61 27.56 30.08 24.06 31.58 29.79 24.58 23.28 20.83 25.26 36.14 33.74 33.31 43.20 44.68 34.31 17.48 25.31 23.49 35.60 26.65 27.67 16.64 15.36 23.60 18.05 19.98 8.73 20.24 18.11 24.02 21.73 21.63 22.15 22.66 33.70 34.77 37.19 26.00 42.42 37.66 36.54 44.59 41.98 28.30 22.52 18.60 31.49 17.10 19.86 7.73 18.97 6.98 20.97 8.90 14.28 33.57 38.97 41.32 36.19 37.65 36.72 41.15 35.07 38.00 48.37 46.37 30.16 36.28 33.91 21.49 33.42 27.52 42.16 32.91 30.20 30.72 22.90 31.21 18.70 15.69 17.33 11.02 14.43 21.62 23.50 20.76 15.09 15.50 14.39 11.04 28.22 28.13 22.86 20.27 21.58
2.37 8.98 25.12 24.26 34.29 24.79 33.30 22.49 35.92 33.51 24.94 22.64 18.20 24.91 32.39 32.56 41.41 35.06 37.95 36.44 20.73 16.90 29.43 31.78 36.40 31.32 19.81 28.21 25.08 24.64 23.68 8.17 23.01 27.45 16.25 30.76 33.43 23.64 23.32 24.87 25.99 29.30 26.68 40.87 37.11 39.22 37.80 39.82 27.01 27.53 29.46 28.71 33.30 20.67 23.93 12.88 13.37 19.57 15.50 20.43 23.53 24.61 37.15 31.59 32.35 34.13 38.33 40.75 47.51 46.17 36.18 38.03 31.46 29.84 27.62 20.60 27.28 28.16 39.55 39.23 30.00 25.67 22.60 12.82 18.62 8.75 18.92 20.53 24.16 29.25 24.70 24.24 8.42 3.48 18.30 31.25 37.34 19.96 14.02 17.37
8.27 15.53 27.06 20.79 27.17 32.92 24.15 21.99 23.37 28.49 29.20 32.16 33.17 22.83 29.20 30.40 37.50 37.07 38.32 35.31 17.51 17.59 23.23 24.98 32.66 35.95 36.72 17.63 26.69 31.41 23.13 28.16 29.24 24.24 34.10 20.37 27.87 20.50 31.72 22.27 21.21 34.48 23.43 33.26 30.75 29.76 41.08 35.43 31.08 32.70 24.61 21.69 18.77 28.29 27.64 27.67 13.23 10.56 23.70 15.33 23.50 19.21 38.07 27.39 34.92 27.77 40.41 32.14 44.04 44.03 42.45 31.52 36.35 32.24 35.70 28.18 33.83 29.97 41.45 42.40 28.86 26.40 24.38 28.63 21.22 9.54 21.73 21.98 14.62 24.98 34.00 17.87 18.08 14.68 25.57 20.49 19.71 22.54 25.20 16.82
14.74 17.84 25.06 22.31 22.62 32.71 33.73 29.28 16.88 33.82 21.27 21.02 23.15 36.60 38.08 36.87 39.57 30.05 36.90 24.77 30.65 31.29 15.69 33.37 34.88 32.42 36.61 26.71 30.76 23.79 28.86 35.97 19.47 18.47 22.87 33.10 23.28 31.26 18.34 27.68 27.71 25.09 38.23 41.40 30.07 26.56 29.09 29.02 28.63 27.91 31.95 15.28 26.24 27.06 27.71 23.53 15.42 24.01 16.17 27.64 21.40 19.51 26.37 22.63 21.15 31.63 24.02 35.13 34.17 42.39 39.58 37.34 33.71 26.55 26.55 33.15 35.23 40.08 45.43 41.92 42.03 34.05 20.22 26.96 19.08 13.50 24.54 16.23 12.23 20.63 25.88 29.56 27.32 18.48 15.70 18.12 23.86 22.72 31.04 25.34
8.62 18.92 20.00 24.59 31.07 21.08 33.71 29.50 34.63 30.32 29.28 31.33 23.95 21.94 38.22 42.30 42.66 32.05 22.84 35.23 28.86 30.19 22.38 22.34 22.57 37.49 30.20 22.94 18.94 18.37 28.98 22.53 19.16 16.84 31.38 31.95 21.78 30.16 29.37 22.39 15.77 31.35 31.28 43.04 37.18 30.98 28.50 19.68 33.42 23.00 30.65 32.08 26.73 18.72 16.59 28.89 31.07 18.12 27.86 30.38 28.41 29.95 20.72 30.25 19.03 33.63 37.47 29.96 40.89 38.63 47.13 43.69 31.92 25.28 25.67 24.70 23.78 32.16 45.36 37.90 43.85 37.61 20.39 25.90 19.06 10.05 16.77 8.69 21.49 20.96 14.58 28.89 18.07 22.87 22.83 21.73 23.53 28.03 29.20 20.37
20.05 17.31 12.81 15.34 28.35 29.04 33.70 40.77 24.44 36.55 31.43 21.54 24.45 35.43 26.85 41.96 44.60 39.81 38.34 27.29 27.77 19.77 20.24 20.56 33.91 26.84 21.43 21.05 17.99 23.48 25.40 29.53 24.06 27.03 22.00 31.94 38.77 31.64 34.40 16.47 26.52 21.01 27.67 32.36 45.11 32.13 18.10 29.00 28.20 24.99 22.03 20.30 17.24 22.21 13.68 29.56 34.68 24.74 21.95 36.43 40.78 34.15 31.40 32.14 32.71 26.40 41.42 43.49 47.85 43.48 33.26 34.70 31.61 33.32 24.61 27.76 33.10 25.15 26.93 33.87 36.00 34.06 26.03 22.71 19.54 16.29 6.72 22.15 26.77 30.54 24.35 23.72 30.03 33.20 27.94 33.90 20.15 19.35 25.05 15.59
12.05 20.36 25.21 13.01 11.98 24.87 41.28 40.63 39.92 31.64 25.32 23.33 28.94 22.34 25.50 26.68 45.79 48.77 47.77 27.32 20.78 23.76 30.67 21.64 26.32 29.83 20.20 15.48 10.19 19.31 27.68 18.19 23.04 23.43 18.26 32.68 43.37 39.20 25.93 22.21 24.53 34.71 36.84 30.26 33.94 22.92 21.04 27.01 29.68 30.35 21.78 15.71 19.15 26.80 14.29 20.00 33.51 22.65 27.15 25.15 33.72 38.64 41.57 25.37 38.75 36.45 38.25 35.67 41.80 49.39 37.18 42.11 31.06 37.83 37.09 33.38 24.40 24.15 23.58 33.51 39.61 38.79 25.12 19.09 14.41 17.61 10.31 9.89 22.51 18.34 17.89 18.34 29.12 22.90 24.48 35.86 33.90 31.18 26.16 15.70
25.84 21.34 20.51 17.80 7.12 23.44 26.88 40.22 46.97 42.44 28.60 31.43 24.68 20.64 31.93 25.16 43.02 48.06 35.19 24.18 14.51 19.71 31.24 25.14 15.90 26.72 25.53 22.12 8.40 13.91 12.64 11.42 11.63 24.29 21.96 24.12 43.51 40.34 33.12 33.81 20.39 29.71 30.69 25.01 24.75 22.45 24.13 17.29 33.60 33.48 21.91 10.82 12.08 24.16 21.28 30.37 20.91 27.78 24.16 30.15 23.10 43.36 36.48 26.83 37.25 45.01 36.70 45.93 36.61 35.97 35.80 38.78 29.15 26.74 37.89 28.09 25.79 26.03 21.50 35.54 40.13 37.03 22.82 13.33 13.77 11.99 5.61 8.03 11.73 12.88 7.72 25.13 17.08 19.42 21.95 30.03 24.26 38.81 36.45 24.89
33.09 20.80 17.61 20.11 25.38 19.66 23.92 43.89 44.95 48.67 36.60 23.20 21.86 20.13 19.41 26.34 36.09 40.76 34.81 17.82 13.08 28.65 17.78 18.10 28.03 17.80 22.49 24.95 14.15 4.46 7.08 4.49 7.92 18.03 24.02 20.74 25.55 25.97 35.51 39.64 30.77 31.77 23.75 21.02 14.72 14.22 13.22 28.16 18.15 22.91 28.29 27.66 21.76 12.49 16.88 26.09 20.46 21.68 35.82 22.95 33.11 27.25 23.76 37.09 28.06 39.49 44.15 47.16 48.59 44.17 48.34 31.34 31.45 35.41 23.80 34.96 30.69 22.83 22.88 32.40 37.80 29.90 18.02 16.52 8.66 7.54 10.02 15.09 2.77 12.82 16.16 21.24 11.15 23.60 18.83 23.40 25.87 37.13 32.25 29.27
30.14 33.27 32.70 26.19 20.33 18.52 25.39 41.09 48.40 45.65 42.87 21.92 29.86 31.52 27.74 25.03 40.46 29.00 25.76 22.68 25.82 23.30 28.56 25.47 29.79 30.37 15.55 27.38 26.35 10.56 6.05 9.49 1.15 3.79 21.19 23.20 33.16 31.25 31.31 29.32 40.87 35.01 24.18 13.99 13.53 16.64 21.13 29.65 21.33 29.09 36.38 20.73 23.73 20.86 18.94 18.97 23.74 20.20 21.92 28.32 27.43 30.90 23.25 20.85 40.54 47.94 37.26 36.41 46.45 38.65 49.31 32.40 40.28 34.97 28.51 29.15 36.23 23.20 31.45 23.44 34.38 35.99 29.64 22.60 9.16 1.19 4.23 16.66 2.19 10.19 12.84 14.90 12.43 25.76 20.75 31.17 26.50 35.89 36.23 37.81
24.51 35.03 25.62 26.92 26.82 31.54 23.72 32.83 33.21 41.03 44.40 44.45 31.80 23.46 31.76 30.62 28.00 30.86 19.97 22.90 16.88 15.55 23.43 33.65 20.07 32.46 31.38 23.91 25.40 7.50 11.07 7.35 11.48 19.02 8.29 19.41 29.94 30.89 27.88 34.73 29.34 38.25 24.33 24.77 24.85 11.38 22.65 33.62 27.43 19.39 22.20 27.71 20.24 22.17 29.71 26.24 29.54 24.12 27.42 22.76 27.24 27.16 21.71 30.13 27.81 32.70 47.37 43.69 45.05 49.28 37.54 36.42 33.90 43.62 36.52 28.97 29.46 37.44 33.48 39.21 24.26 34.22 28.39 15.35 12.62 7.65 1.49 7.43 7.62 6.05 2.81 1.70 6.97 12.64 28.31 25.04 33.06 26.84 32.53 39.74
23.03 31.03 34.90 31.61 20.83 32.12 25.71 29.85 43.40 36.96 32.20 37.52 39.89 32.05 38.61 24.08 18.39 17.65 14.32 13.27 8.79 23.69 25.42 17.42 24.19 21.35 24.40 20.87 17.14 21.84 18.34 10.88 18.45 7.24 7.40 20.93 25.38 38.27 42.76 42.42 42.99 25.10 24.13 33.25 23.84 30.44 33.52 29.14 28.56 22.50 29.80 21.58 30.09 21.86 31.72 30.94 21.48 17.61 16.17 15.10 28.94 34.46 32.89 37.30 22.71 26.29 42.96 35.96 34.33 46.47 39.91 29.83 34.62 40.41 29.41 24.07 22.95 27.27 40.87 41.57 39.29 32.39 36.66 26.86 7.05 0.83 4.44 12.74 7.26 15.36 13.27 7.15 7.66 23.51 26.67 23.82 28.40 35.56 35.91 37.50
21.71 31.24 33.91 39.00 29.18 18.96 17.62 32.64 30.58 29.03 29.44 27.06 32.83 37.60 32.92 27.36 13.92 14.69 21.74 5.61 13.35 25.61 26.61 18.22 17.87 14.17 28.22 18.22 19.38 9.81 8.89 15.18 12.52 18.09 13.77 25.70 27.37 31.58 42.86 33.31 37.89 39.35 32.47 29.58 34.78 33.30 29.57 36.97 33.43 31.24 17.21 32.73 27.31 19.09 21.43 18.06 20.50 14.38 6.32 22.86 25.86 37.06 30.21 22.51 23.18 22.28 26.45 34.16 42.13 33.32 45.15 44.10 36.05 36.98 38.19 19.79 22.88 28.14 31.25 32.95 36.52 31.69 40.00 17.85 8.87 12.76 14.73 19.38 11.11 14.81 11.62 5.81 15.84 23.09 31.92 27.53 26.38 22.99 28.92 38.86
30.48 35.66 25.03 39.04 41.06 32.09 23.71 20.74 20.19 21.82 27.25 25.72 32.58 28.27 22.38 14.45 13.38 7.41 16.95 11.35 6.31 16.12 30.99 14.37 19.65 19.44 26.60 19.69 8.41 10.62 10.18 1.87 21.49 11.55 13.71 13.21 30.93 34.87 33.90 43.86 45.61 38.81 27.94 28.55 40.94 44.32 38.28 34.89 42.00 27.60 28.40 34.17 36.15 25.87 21.90 12.60 17.74 18.03 9.98 22.27 31.23 37.11 29.35 18.05 13.68 13.72 22.06 29.48 34.68 30.64 39.10 45.68 31.18 35.52 23.67 17.04 17.22 34.04 33.27 35.60 42.29 45.80 31.79 25.92 7.98 7.03 21.58 11.45 23.55 18.67 13.12 12.18 6.50 15.79 31.98 29.43 30.15 28.00 32.29 34.46
30.56 28.41 37.82 27.33 30.79 26.44 34.05 32.98 25.17 21.91 20.74 33.83 38.18 25.86 16.12 25.41 13.83 7.13 7.60 20.12 9.53 14.93 23.11 25.50 19.29 18.87 24.66 20.70 12.82 11.34 13.98 17.26 8.27 13.92 19.80 20.36 30.02 36.92 39.64 49.79 47.03 43.26 38.83 24.63 38.13 49.95 34.05 32.40 32.85 40.26 41.65 29.44 26.64 25.60 27.09 19.62 11.08 16.83 15.45 24.01 23.18 34.45 29.41 13.15 15.61 23.01 30.26 31.33 23.53 35.56 31.84 28.00 27.92 28.80 26.59 25.48 21.28 36.28 37.06 41.20 43.03 36.92 42.50 28.25 12.97 18.26 23.19 25.84 24.83 17.06 18.93 9.91 3.37 9.16 17.57 26.30 30.68 30.90 35.33 29.40
24.03 28.86 24.91 25.86 17.81 35.68 34.00 40.89 39.08 29.46 16.81 27.62 35.40 29.79 20.58 10.44 11.10 16.82 12.15 8.96 5.92 14.68 13.31 23.11 16.97 25.75 25.59 26.99 10.94 18.04 23.26 9.34 14.68 9.27 22.16 23.87 35.90 43.75 45.32 43.71 37.35 37.72 37.56 44.24 43.95 48.92 45.57 45.87 45.52 33.54 35.68 33.54 28.06 24.93 22.96 23.99 24.10 21.51 17.11 10.45 17.19 31.69 24.16 10.97 9.36 16.75 16.89 17.01 27.07 34.41 34.62 23.58 23.57 20.33 32.06 30.49 36.68 29.98 31.99 31.72 42.28 32.85 39.96 29.25 17.64 16.89 30.39 21.51 19.91 13.78 23.31 11.89 7.27 8.81 12.78 17.91 34.14 38.98 25.52 25.71
35.40 24.67 19.19 29.41 18.01 22.86 29.01 43.36 46.03 38.80 21.60 19.97 29.35 34.17 19.38 8.33 13.25 16.17 7.42 14.59 5.53 17.38 20.94 15.84 25.34 20.09 29.27 31.79 15.35 19.53 25.15 23.81 18.65 13.31 20.34 29.96 23.50 41.78 46.80 38.48 44.21 36.64 48.95 48.30 43.40 37.64 35.89 44.23 40.22 33.06 41.53 41.57 22.42 28.02 15.88 11.77 16.91 25.93 17.61 24.86 27.18 17.27 16.42 22.46 6.24 17.53 7.23 27.01 22.67 26.52 21.50 18.04 13.94 17.38 34.62 28.76 35.22 37.80 38.96 33.84 42.11 46.89 32.45 34.63 31.52 28.82 25.98 24.51 13.29 23.49 24.08 16.75 17.02 5.93 19.29 30.55 31.65 37.29 33.89 34.37
29.04 32.18 24.72 15.73 29.25 17.82 28.68 40.43 36.50 29.44 22.36 19.29 31.77 32.65 22.71 16.33 11.12 8.26 2.36 3.10 12.50 18.36 25.64 27.94 30.88 34.15 31.85 18.58 25.74 15.88 27.44 24.77 16.96 24.42 13.61 22.80 31.21 29.10 44.11 48.61 48.61 49.43 47.78 45.28 44.45 31.41 31.21 31.00 33.89 39.66 35.55 43.74 29.42 22.38 17.91 24.47 17.54 28.15 28.65 21.47 32.39 27.24 17.53 6.73 17.86 19.83 15.91 25.47 30.43 29.25 14.88 26.96 15.39 26.25 32.08 25.85 25.66 35.28 37.80 43.58 42.81 36.54 46.52 42.00 30.15 23.25 27.87 17.54 25.29 23.87 18.81 24.76 19.03 10.25 14.55 19.11 37.46 29.97 40.48 35.68
37.71 39.68 20.76 28.95 28.15 29.11 24.36 33.79 27.25 23.89 29.13 26.85 31.25 34.87 19.03 7.93 17.55 19.30 3.80 11.32 7.03 18.33 18.52 32.28 38.09 36.20 36.93 36.97 27.10 31.82 28.45 27.05 20.26 20.23 24.02 20.88 28.02 35.81 41.87 41.28 49.78 42.47 41.54 43.66 38.47 42.61 33.11 31.28 28.63 31.26 32.56 36.99 28.00 30.89 29.11 18.69 26.11 19.89 26.42 37.04 23.34 17.68 23.56 8.28 18.03 27.64 15.47 14.35 17.47 21.04 18.97 12.87 19.79 19.91 21.30 23.51 22.81 23.07 25.80 39.56 35.02 34.69 47.22 41.81 39.25 34.53 23.93 25.53 28.43 17.49 26.41 18.12 17.81 21.58 18.33 30.49 32.61 36.04 39.61 47.67
41.19 44.58 38.58 20.53 23.88 26.78 25.70 23.74 31.55 36.89 38.75 32.24 29.33 25.65 20.63 17.43 9.97 20.38 4.68 12.74 7.64 10.69 15.42 24.07 33.09 43.21 45.07 43.33 32.40 21.71 19.13 29.66 18.12 24.97 32.22 33.79 21.02 22.27 34.21 49.60 44.14 42.43 37.74 45.93 48.69 30.75 32.63 30.42 26.62 39.45 42.32 25.33 25.97 22.13 21.89 24.99 20.87 18.99 32.08 35.28 20.02 19.75 12.92 9.60 13.63 23.71 24.81 26.26 22.22 13.03 22.50 16.67 10.92 20.84 12.59 13.47 25.27 33.31 30.68 37.96 34.96 30.46 39.06 45.12 39.70 33.20 34.95 22.36 18.29 28.31 28.48 30.16 24.08 23.24 17.72 20.32 31.28 41.88 34.93 35.81
39.22 31.48 43.27 40.85 26.78 31.10 29.88 33.67 35.61 41.56 41.19 42.10 35.31 19.91 29.43 10.91 19.23 17.67 6.16 13.37 5.69 16.97 26.24 17.39 33.42 42.47 43.50 39.03 30.06 34.25 31.69 31.27 26.68 26.44 25.87 23.30 19.56 28.89 37.78 36.67 48.66 47.92 48.67 47.86 49.27 37.47 25.15 24.02 30.86 25.09 29.56 24.04 15.41 17.11 24.08 29.26 27.81 29.71 24.09 24.12 16.91 18.08 12.20 20.84 22.84 27.26 33.53 19.64 30.16 30.42 11.60 23.19 14.07 13.58 19.54 21.66 24.92 27.44 39.73 42.05 46.32 43.21 36.58 34.76 37.19 46.11 31.70 26.18 22.29 32.12 36.75 21.73 20.28 21.73 25.13 23.81 36.01 29.48 29.52 28.77
29.15 37.88 31.02 41.93 28.98 31.55 25.35 32.61 36.40 36.55 31.54 37.42 27.37 31.84 18.89 13.62 8.66 3.36 11.63 12.38 7.49 10.85 12.62 20.85 37.60 34.90 42.00 44.48 34.14 25.28 24.79 30.76 22.22 15.90 13.11 22.87 16.18 28.05 31.52 38.00 35.33 44.43 42.71 46.37 45.33 38.28 35.01 36.92 26.12 18.55 30.12 23.58 21.06 23.98 24.58 20.93 36.08 32.98 19.73 14.68 21.15 19.49 26.02 12.81 12.94 33.84 21.48 19.35 28.85 20.29 24.21 16.34 19.08 23.00 15.14 26.04 15.97 32.95 36.11 44.70 44.14 44.61 29.96 40.44 42.02 38.98 36.28 29.18 20.05 32.50 31.92 35.38 15.38 13.69 24.70 33.79 32.28 36.67 25.09 32.24
40.16 35.96 38.93 40.45 35.12 25.15 29.37 36.18 27.33 28.44 34.54 26.46 27.60 18.74 15.76 9.00 18.66 9.21 17.56 15.18 5.51 13.72 7.85 25.03 29.44 26.48 32.16 28.87 25.41 29.33 24.68 34.99 31.72 20.58 25.09 10.13 16.53 33.05 31.56 39.60 31.72 33.80 32.61 33.72 42.73 35.13 29.25 31.50 34.88 29.01 21.44 28.12 17.61 17.77 12.59 15.31 25.33 31.31 18.30 16.82 18.57 30.66 15.84 14.99 27.01 31.07 34.60 30.70 30.13 35.56 14.10 26.35 24.67 18.56 13.37 20.73 19.39 25.40 37.24 48.40 36.84 41.93 36.84 38.41 46.52 45.17 44.56 25.36 31.82 23.86 35.51 32.31 15.94 20.80 14.79 30.25 28.16 38.88 34.87 37.46
31.53 33.56 42.43 47.30 36.84 25.95 33.92 32.52 38.84 35.66 27.82 36.68 27.26 25.05 20.59 10.28 7.58 9.19 15.66 22.92 23.30 9.41 22.70 14.10 27.98 32.45 25.97 19.79 21.96 21.21 23.65 34.59 26.68 27.42 25.25 18.79 12.73 15.46 21.29 23.58 25.30 23.95 25.40 37.64 40.45 36.02 29.93 30.99 31.89 34.47 33.37 15.17 14.65 16.81 18.85 11.29 24.49 16.32 16.32 13.68 20.03 13.91 24.23 28.84 19.11 33.51 24.42 28.75 30.10 27.22 15.94 28.56 31.16 30.87 30.58 18.62 12.98 30.56 40.39 48.60 43.71 33.70 46.51 32.30 37.07 33.35 44.62 33.40 33.69 29.69 23.39 29.44 25.18 26.69 13.57 26.43 35.58 37.41 32.24 37.38
25.84 38.32 43.71 41.87 34.74 39.50 34.91 38.95 29.21 28.26 38.57 24.25 30.76 28.48 14.36 21.21 6.59 7.32 13.31 21.70 26.85 12.35 15.68 18.61 31.88 20.76 28.10 21.38 20.90 27.85 32.74 29.87 25.93 19.57 31.35 17.66 19.88 27.28 21.70 30.04 29.82 20.20 18.46 21.07 34.09 29.43 23.09 34.11 37.07 27.85 23.18 13.04 18.48 26.51 13.49 17.26 11.23 27.06 10.13 6.81 6.75 19.31 11.72 15.40 34.01 27.26 26.49 26.75 37.94 28.79 25.29 23.52 22.60 34.88 36.08 30.18 30.72 22.28 43.31 45.97 45.29 35.76 37.60 44.52 27.09 26.81 30.10 42.27 39.59 34.02 20.53 22.20 28.41 18.27 18.39 27.60 34.68 43.67 36.91 29.77
25.76 34.59 35.63 35.06 41.88 30.33 37.19 35.10 40.24 24.78 22.85 25.35 22.50 17.38 27.18 13.35 18.23 18.66 16.59 18.93 10.78 8.94 12.71 19.91 17.26 26.38 18.79 27.43 17.61 22.14 37.62 34.33 27.86 18.79 28.34 20.90 24.19 22.23 17.49 18.48 25.26 20.18 28.62 31.27 25.25 18.48 25.62 23.82 24.74 18.43 19.80 14.76 12.13 11.25 18.47 8.80 25.98 28.22 9.37 2.89 2.39 11.17 23.41 15.24 25.17 29.39 29.14 36.75 24.11 29.08 26.67 32.39 30.64 40.47 45.35 26.65 18.56 24.87 33.34 33.31 45.98 49.99 38.23 36.35 30.21 28.08 29.11 44.86 35.77 36.53 22.49 24.07 30.08 23.85 18.58 16.24 28.94 33.91 26.12 40.06
32.80 31.70 28.03 38.22 28.80 35.58 25.53 25.81 34.50 22.26 30.21 23.99 25.59 17.91 25.15 13.44 13.90 9.36 21.97 21.83 5.62 6.73 16.89 15.44 24.06 28.61 29.18 31.18 15.49 26.19 21.17 23.99 34.91 20.62 21.55 30.28 26.71 26.69 27.53 14.90 28.16 28.21 32.68 27.71 28.03 26.11 20.18 23.91 29.92 24.36 25.70 18.29 16.30 14.23 14.86 13.47 23.08 27.10 9.76 1.24 12.36 12.39 16.49 12.32 16.71 35.02 37.02 28.02 27.44 33.81 34.60 26.65 24.14 26.56 30.39 39.93 28.42 33.72 37.92 31.67 44.31 48.18 35.40 34.34 33.24 37.61 40.73 40.58 32.31 37.57 24.25 15.41 26.84 27.45 20.69 27.23 28.60 31.47 25.38 21.86
33.48 36.94 36.25 38.02 30.27 28.05 34.40 20.48 24.59 25.56 16.37 26.65 31.79 27.11 29.99 30.30 9.98 17.12 12.67 21.58 21.12 17.21 4.95 12.39 19.96 27.71 26.89 32.27 21.71 23.29 28.34 24.79 21.62 17.48 19.48 25.57 29.54 31.59 28.41 34.10 20.94 20.26 23.74 20.23 16.40 25.42 23.27 33.66 25.27 18.05 18.66 13.58 10.58 20.46 15.11 9.53 24.03 22.07 6.42 14.22 8.52 10.12 12.92 13.69 21.31 20.11 36.48 35.90 34.24 22.60 20.34 28.38 20.48 33.67 33.70 34.34 38.18 38.55 40.65 28.74 31.90 44.64 49.36 39.22 39.12 34.79 39.35 37.17 34.36 25.20 28.61 32.42 29.83 31.23 32.14 35.18 29.71 35.07 18.88 13.76
41.01 30.65 29.29 31.00 27.29 30.82 19.55 15.82 26.11 32.09 25.51 27.12 36.81 34.45 32.31 34.87 14.13 14.97 12.44 22.34 24.50 17.33 6.02 12.31 21.82 18.73 29.81 19.23 22.21 22.69 23.63 19.96 29.38 29.45 29.38 21.39 20.15 26.20 33.32 19.30 31.08 14.01 20.28 22.40 21.66 13.78 33.89 35.67 32.42 20.34 24.51 25.99 14.84 11.39 4.17 7.95 22.55 13.88 17.85 5.31 15.96 15.46 16.05 9.34 24.02 20.74 34.38 28.47 23.40 29.10 28.61 20.97 26.80 38.41 26.67 32.18 28.99 31.44 29.94 35.11 44.55 45.13 43.32 33.57 30.29 42.34 33.04 34.19 35.14 33.27 29.80 28.27 27.85 39.26 33.28 34.95 34.23 36.40 25.05 18.18
44.55 42.71 42.74 30.65 27.48 35.55 31.46 26.50 19.58 19.49 22.13 25.33 40.74 34.09 43.89 37.86 18.54 15.86 19.69 12.73 23.62 15.07 12.37 17.88 19.43 13.85 11.79 24.71 16.07 14.20 29.29 28.48 32.22 26.07 28.47 20.45 22.19 33.84 32.25 24.16 16.90 25.14 26.60 16.74 9.73 28.47 30.11 39.67 30.47 36.46 22.36 28.99 22.80 4.76 6.35 12.08 21.85 21.27 20.38 8.88 4.82 16.20 12.21 15.42 11.70 18.63 29.41 25.38 31.82 29.99 29.16 22.02 31.86 25.58 39.67 31.11 30.83 27.00 25.59 38.01 46.28 49.82 48.94 35.06 42.55 31.21 27.03 25.09 39.85 42.36 26.17 19.11 34.50 31.84 29.02 32.88 25.30 36.78 19.86 19.84
35.41 49.42 33.13 25.72 33.75 33.58 39.79 24.87 24.70 24.23 28.66 21.67 38.51 30.18 35.68 27.69 24.48 23.64 26.27 23.04 21.01 17.93 19.91 18.26 27.01 25.35 10.08 7.92 9.39 15.81 30.99 20.62 28.06 18.82 16.89 15.30 13.12 31.92 23.83 25.79 15.05 22.95 27.46 28.59 29.01 21.25 20.66 24.01 28.07 23.47 25.87 29.58 19.55 23.11 12.62 11.88 19.75 15.81 23.29 14.12 11.58 1.79 16.62 8.88 18.07 10.41 25.78 28.04 20.13 24.59 27.47 20.24 21.14 21.04 28.24 41.88 25.60 30.97 35.54 37.31 48.38 42.33 39.65 35.69 29.85 37.44 31.12 21.29 41.09 37.11 22.45 27.99 27.59 32.01 36.68 38.45 34.07 33.02 24.64 27.33
40.30 41.16 35.24 25.47 25.09 26.52 36.72 30.27 24.86 28.55 25.17 30.13 29.25 40.35 38.07 33.28 33.45 25.69 30.72 22.99 12.82 20.55 21.05 22.99 22.11 11.15 3.71 8.88 20.42 25.12 15.07 30.49 33.55 19.39 10.21 22.56 13.64 25.61 31.52 25.92 23.98 17.07 31.78 30.87 34.06 17.41 14.73 29.17 27.47 26.36 19.03 27.36 28.07 17.49 20.53 11.40 20.38 19.71 27.05 21.64 6.44 8.30 11.96 9.35 13.34 17.43 23.18 31.06 34.36 36.46 37.00 26.11 28.40 34.36 21.90 38.03 26.43 30.82 28.20 35.13 40.74 40.98 40.56 45.38 46.09 26.32 28.60 27.50 34.60 29.92 28.27 24.16 27.94 27.29 35.45 27.47 26.16 36.51 40.21 37.39
46.09 37.14 43.30 34.85 27.80 24.47 22.20 30.41 32.45 35.92 27.09 20.15 36.51 26.70 33.43 26.88 34.76 36.42 34.03 27.46 20.56 18.54 12.28 24.04 28.36 22.86 14.49 16.11 19.86 19.73 18.52 20.80 21.25 25.47 18.85 18.26 25.76 26.85 25.41 24.29 30.90 18.35 16.10 25.86 32.89 23.75 29.97 25.57 31.29 35.26 20.90 33.82 20.89 24.79 19.01 9.09 19.78 23.15 23.68 25.66 23.05 17.43 2.75 12.31 17.26 27.18 23.69 26.13 35.33 39.59 31.77 33.96 26.71 21.53 23.96 19.84 21.36 23.34 25.20 34.59 35.28 38.43 40.13 42.38 36.46 38.61 39.04 41.39 30.52 34.16 21.49 16.00 17.43 23.86 26.68 25.95 29.48 41.12 36.83 42.93
35.22 42.74 47.42 30.27 28.90 20.35 24.43 36.94 33.01 33.61 33.73 21.04 25.46 37.03 32.05 39.25 38.88 30.62 22.31 31.55 29.80 23.00 13.52 27.98 33.49 21.66 20.55 27.21 28.06 12.77 16.21 15.04 21.66 12.24 15.11 20.80 16.95 24.36 34.90 38.35 36.01 26.31 28.01 18.41 18.57 30.95 26.55 31.82 35.06 37.08 26.66 27.65 30.22 22.87 24.00 13.82 24.05 17.41 13.78 24.67 31.88 22.48 18.04 4.69 7.80 24.31 30.69 38.69 41.33 41.48 34.54 41.35 31.29 31.04 33.94 27.82 32.20 28.50 27.48 25.60 41.61 31.58 32.75 33.64 47.20 47.30 39.90 28.36 41.41 31.11 33.28 16.34 19.99 17.07 29.95 34.70 41.50 36.27 41.70 38.39
47.62 44.66 35.84 34.92 33.56 29.26 32.15 24.33 29.36 36.58 33.89 28.52 33.16 34.26 27.85 26.70 33.06 36.32 23.42 36.54 30.74 19.61 28.50 26.67 27.65 19.97 31.20 21.21 18.04 26.74 26.97 19.03 22.99 12.04 6.44 18.98 27.11 20.41 23.87 24.77 32.66 24.24 14.65 29.14 15.78 23.78 25.43 25.59 23.70 23.66 23.78 17.61 20.37 22.63 24.29 29.68 19.70 16.02 14.55 15.55 16.65 18.51 22.08 9.34 6.04 9.64 15.86 33.83 38.90 45.57 42.25 41.17 43.92 34.73 27.60 24.33 19.65 22.74 21.22 25.70 22.18 32.66 40.22 44.59 45.08 43.98 38.71 36.32 24.57 39.95 23.77 31.00 20.29 17.70 15.07 31.94 45.50 32.27 37.21 36.99
41.79 37.87 47.61 37.81 27.11 21.90 35.23 33.75 22.02 30.22 38.28 35.09 33.90 29.28 28.17 27.37 36.88 23.61 21.52 32.73 27.47 29.93 24.46 17.02 21.92 24.71 20.98 13.91 17.75 13.99 14.54 13.64 23.46 20.76 22.35 15.61 14.03 15.91 12.99 30.38 31.55 27.58 18.63 18.64 15.44 29.52 25.78 16.60 19.05 13.06 22.59 20.42 15.23 22.42 27.57 23.98 15.22 7.74 4.25 4.99 13.80 8.89 18.58 9.84 6.05 2.39 18.20 22.61 25.67 30.40 30.14 33.67 35.83 43.09 32.25 19.19 23.09 30.01 31.38 34.62 20.72 23.86 31.95 49.73 39.32 37.46 34.79 35.70 24.26 23.66 33.22 20.57 12.91 19.09 19.15 33.28 43.21 33.60 43.11 38.96
46.87 48.89 43.51 38.47 33.32 35.86 38.38 31.53 39.35 35.91 30.38 31.00 36.57 41.72 33.81 38.75 26.66 29.86 28.93 35.25 24.41 36.00 21.50 20.16 13.28 29.34 13.34 11.52 4.43 3.34 5.42 7.82 26.09 16.87 18.15 13.72 16.93 10.07 16.39 21.72 18.55 21.01 29.57 28.34 29.62 26.23 15.00 13.94 11.77 10.23 24.28 15.36 16.47 22.82 33.98 34.18 23.75 21.53 7.72 11.84 5.28 6.85 14.78 19.98 13.00 11.72 4.56 23.73 32.98 34.27 31.63 37.53 45.28 30.79 26.03 24.68 28.43 20.24 33.70 20.22 27.02 28.11 41.63 49.60 39.37 46.70 40.18 25.52 34.77 35.03 29.04 32.53 14.72 12.83 25.44 29.99 40.77 41.91 37.93 48.90
40.23 48.30 46.09 38.74 29.02 27.42 41.50 38.04 42.58 34.77 29.22 25.58 35.38 35.37 35.27 36.68 33.17 22.35 20.12 18.77 34.67 36.77 22.34 27.27 20.81 14.88 15.80 10.24 4.76 9.30 13.36 21.69 8.69 18.54 26.44 24.31 22.58 8.24 17.16 10.10 18.98 31.70 30.04 26.44 18.89 15.94 25.49 26.11 9.50 8.42 22.85 22.72 28.52 29.18 35.34 25.16 26.53 15.56 6.68 7.64 5.57 3.61 5.17 4.54 3.94 16.25 10.64 17.31 33.71 28.81 37.85 37.67 40.38 37.67 28.15 19.63 32.72 30.85 28.65 29.10 35.11 30.58 30.49 40.73 40.30 31.75 26.59 32.09 22.29 36.07 41.13 25.83 31.03 13.48 25.94 39.63 35.20 48.42 38.12 49.02
36.58 45.72 38.90 44.66 29.92 24.41 26.84 28.45 41.98 40.82 34.33 39.50 24.89 40.52 44.11 42.85 29.37 18.77 22.42 31.07 27.56 36.34 32.49 19.50 11.66 24.30 23.11 19.74 2.76 3.18 17.77 10.69 17.85 19.51 18.88 26.23 24.02 24.07 10.13 6.36 7.33 13.49 16.68 14.12 26.26 28.96 33.53 24.39 24.12 22.16 21.16 29.11 20.51 33.06 39.81 24.91 19.23 23.16 3.75 12.84 9.10 5.44 1.51 2.56 14.96 14.53 14.70 23.26 33.06 27.46 41.14 37.67 33.30 35.10 33.93 32.69 36.37 41.71 38.37 40.36 24.41 33.99 36.26 44.78 46.52 40.21 37.77 21.27 21.18 21.54 25.93 30.09 26.60 19.65 17.68 31.30 32.71 32.25 42.42 47.03
46.64 37.17 46.29 32.68 23.29 29.99 35.56 36.16 36.80 41.15 37.01 42.27 35.88 33.07 38.08 48.04 39.82 31.81 33.15 29.34 31.22 40.58 39.11 23.88 18.16 21.64 19.94 20.11 2.06 1.07 8.24 3.64 16.49 26.16 21.18 19.11 14.84 17.86 12.62 2.06 3.14 6.76 12.60 12.39 23.47 22.08 26.98 27.20 32.74 24.58 24.08 15.72 14.65 19.10 26.85 35.84 31.75 19.58 11.39 15.24 20.37 16.20 12.83 14.91 11.49 21.53 11.14 21.72 24.41 41.14 35.18 35.28 42.55 26.67 25.96 25.64 31.22 30.55 32.07 26.84 32.10 31.05 35.00 41.71 37.65 44.69 33.83 25.49 19.92 19.66 26.80 23.94 30.13 30.68 22.90 21.74 38.26 38.34 47.63 47.28
47.21 42.59 35.42 34.83 36.45 32.67 28.40 34.65 28.38 29.43 35.64 33.81 35.89 27.11 36.78 31.95 41.20 41.44 36.15 28.58 23.41 29.72 32.92 30.82 25.02 30.81 29.88 27.40 21.18 13.55 16.38 4.40 12.49 12.26 13.94 10.80 6.36 7.75 1.77 2.35 0.52 3.19 16.98 21.31 11.46 11.21 30.63 24.23 20.81 29.18 19.67 19.72 23.24 12.04 28.33 37.31 37.89 23.64 23.49 23.52 23.86 25.51 27.10 9.64 24.05 21.22 24.33 29.96 34.79 43.69 40.69 46.66 30.69 38.55 32.61 21.36 21.69 33.45 34.58 32.24 25.88 29.34 24.44 43.46 41.54 49.27 37.19 37.58 32.22 31.06 23.47 26.53 31.75 36.25 32.05 28.82 34.19 39.50 37.92 43.58
46.87 38.51 27.88 37.82 35.22 33.35 29.84 25.27 21.40 22.84 28.94 34.69 24.01 33.51 27.46 33.80 31.99 30.02 37.15 31.53 20.60 32.56 31.85 32.39 25.93 22.78 33.17 28.70 16.41 17.54 4.71 9.97 11.01 6.86 4.03 6.77 6.60 12.15 9.57 11.40 3.58 4.78 21.15 16.21 12.76 11.32 25.68 26.72 29.82 17.72 30.78 27.82 19.82 16.65 13.60 29.95 40.42 22.84 30.26 22.55 15.23 28.34 13.97 18.24 19.08 25.04 18.63 35.43 26.67 42.35 45.90 42.22 34.80 38.26 33.10 19.70 24.21 28.97 27.68 34.83 33.58 33.69 23.50 38.50 41.21 39.15 34.83 34.93 25.78 33.62 28.41 20.75 29.91 27.12 29.55 31.91 35.50 33.86 43.65 32.91
32.82 34.20 30.33 32.69 42.94 39.81 36.41 25.66 23.48 15.92 25.93 36.35 28.06 24.82 28.79 36.14 38.41 41.67 34.86 27.65 36.38 24.00 29.92 30.16 31.48 22.13 33.53 29.11 20.31 22.83 8.75 3.70 2.35 10.77 9.08 14.07 10.43 2.51 3.07 15.87 5.18 9.22 6.11 10.81 18.66 23.00 13.66 31.04 22.54 25.83 19.91 23.01 18.59 25.40 14.02 15.91 34.01 27.11 22.14 16.00 12.42 26.16 12.03 22.67 14.09 15.31 33.41 19.74 36.83 33.65 48.10 49.91 32.50 40.56 28.97 31.26 34.81 33.53 22.35 36.29 36.22 32.87 25.54 27.93 42.43 42.53 41.58 35.97 35.44 37.16 21.78 22.37 16.57 21.87 19.25 34.24 25.76 24.78 33.75 28.03
34.15 33.81 30.08 29.35 40.67 43.30 30.45 31.68 14.74 17.93 25.06 28.10 21.30 20.87 27.46 39.33 36.85 34.80 34.82 41.40 41.30 36.33 30.55 26.71 23.81 26.28 30.70 26.42 16.86 23.99 21.47 12.44 8.03 12.95 19.19 3.91 11.60 5.03 4.26 12.02 6.56 16.73 11.50 19.11 23.75 20.14 19.99 25.73 17.16 18.35 27.10 31.62 17.32 9.00 17.95 25.79 19.34 22.16 12.38 10.00 22.01 14.57 28.65 27.84 22.12 26.84 20.11 22.08 18.50 37.44 38.28 41.71 45.65 44.30 34.92 30.75 30.96 28.04 37.16 29.03 37.94 26.34 34.85 27.10 32.36 36.16 47.23 39.76 42.83 38.31 30.33 14.80 23.78 24.06 31.11 21.15 35.93 26.24 36.70 23.08
38.49 36.26 23.88 38.24 45.68 42.13 30.44 31.47 20.18 14.64 14.23 16.05 17.67 30.26 27.46 30.52 39.38 32.29 33.51 29.88 36.32 45.47 32.50 34.37 37.26 29.59 28.71 31.40 20.34 24.87 15.11 19.98 5.76 7.15 19.55 11.27 13.56 2.41 0.82 1.03 15.57 15.96 23.41 17.99 18.04 10.55 10.25 9.57 23.46 23.14 34.44 37.03 27.33 15.99 23.40 30.93 17.91 24.76 13.96 5.14 8.32 18.37 13.91 25.22 32.26 15.66 17.77 20.05 30.98 26.17 36.47 46.76 34.70 49.05 31.12 26.96 38.97 35.02 39.71 32.21 39.84 42.30 25.45 27.49 32.51 38.89 40.66 46.69 44.15 41.58 25.49 30.89 13.44 15.70 27.25 28.06 28.87 32.42 38.03 38.54
40.56 35.61 41.25 30.64 48.16 34.30 28.12 32.67 20.07 19.27 24.96 8.91 14.83 18.33 29.80 32.41 32.70 33.11 37.19 38.37 44.58 37.23 38.33 41.94 35.70 38.72 33.11 27.65 16.40 15.44 10.12 9.51 7.64 4.49 11.69 13.72 16.43 16.08 3.35 12.64 17.32 16.71 25.01 24.19 25.44 19.46 5.61 11.58 23.54 19.75 29.39 39.69 37.11 31.24 34.89 32.03 32.07 20.19 16.64 1.94 15.09 21.47 27.38 19.67 25.87 23.11 9.44 12.55 17.51 33.27 26.98 35.76 48.03 37.03 41.78 36.26 40.54 45.31 44.73 31.89 32.87 27.53 38.14 35.85 25.22 24.47 36.27 32.92 39.06 42.66 34.71 19.52 28.80 28.08 20.26 16.57 27.72 32.79 33.45 27.83
29.48 40.98 37.76 31.34 37.70 38.56 36.23 29.23 34.64 30.20 21.48 21.02 17.16 15.90 22.24 21.54 23.99 26.28 41.81 41.98 42.92 37.31 38.40 34.49 30.82 31.37 28.27 24.82 18.66 14.37 9.09 1.89 2.00 16.08 6.89 20.84 21.22 18.62 8.00 17.04 7.84 18.84 11.24 31.36 17.61 23.70 24.12 23.03 23.56 14.82 22.99 37.15 28.17 31.09 27.90 40.75 31.28 31.27 14.18 7.58 20.51 26.89 21.85 29.48 22.46 21.37 20.63 8.16 16.38 32.93 36.05 39.15 36.56 35.04 35.32 31.52 35.32 35.78 34.65 33.56 30.04 34.86 36.30 24.79 18.16 16.52 18.14 30.13 40.93 39.87 35.24 33.60 29.43 20.85 13.40 23.40 33.38 37.74 35.91 31.30
39.02 34.35 37.56 43.66 44.82 42.01 45.07 38.67 37.25 30.25 22.26 25.00 24.85 25.27 26.46 16.69 19.60 25.95 41.85 43.91 46.44 44.58 36.76 30.73 40.99 33.21 29.04 34.85 26.04 15.89 7.69 4.97 8.42 7.24 11.55 6.21 8.93 14.37 22.90 12.62 6.07 20.44 19.14 20.29 26.45 28.80 32.70 35.64 18.06 23.05 16.05 23.12 36.11 32.55 32.82 37.98 43.67 31.47 11.87 20.73 25.15 26.67 25.57 25.42 30.60 31.16 22.28 18.73 20.10 29.42 37.96 40.73 41.52 33.69 33.45 33.48 29.74 31.86 34.92 23.98 21.71 40.05 24.09 17.31 23.51 11.98 16.43 19.29 34.60 38.50 32.90 29.01 20.70 26.28 11.61 23.34 20.50 31.66 32.55 23.35
41.50 47.36 36.38 30.96 45.90 49.03 48.59 32.44 34.38 31.17 30.30 28.05 29.29 29.49 27.87 21.32 12.24 32.87 45.02 43.96 49.92 35.46 46.68 34.51 29.03 42.07 38.99 29.54 27.78 13.82 7.13 0.11 1.80 12.49 10.54 4.95 11.81 7.54 11.40 6.44 7.91 19.17 19.83 16.97 15.26 32.35 39.49 39.78 32.49 31.67 18.34 27.14 36.34 30.17 35.81 42.64 39.21 32.51 33.34 15.42 28.80 31.64 30.67 29.31 37.64 29.56 18.18 27.17 20.89 17.93 36.28 46.28 48.49 44.88 27.23 38.55 24.85 35.59 28.71 33.73 24.57 29.62 28.99 22.82 22.33 16.81 22.68 16.49 22.90 33.52 36.76 36.59 21.00 22.36 15.63 8.08 12.66 14.94 29.27 32.71
42.82 46.81 43.00 47.95 45.84 48.04 46.13 39.60 25.69 27.75 38.19 37.47 30.10 38.13 37.31 19.03 19.47 24.52 43.88 49.31 44.89 34.94 32.10 31.08 34.60 40.63 42.91 31.54 30.83 12.46 10.09 1.01 5.85 8.11 11.98 18.28 19.54 17.63 2.35 14.99 6.46 19.41 22.53 14.69 28.13 37.37 36.66 37.98 32.96 31.71 21.43 25.89 24.51 27.89 42.32 32.95 38.66 32.43 25.78 32.20 25.59 25.36 35.29 23.27 24.17 33.51 20.50 22.88 16.64 12.96 26.90 35.19 35.94 33.65 29.09 22.43 33.20 26.08 31.00 29.52 37.47 21.95 30.52 35.11 21.06 26.66 28.38 20.44 29.89 34.57 37.59 32.78 22.24 10.62 22.14 20.72 24.07 14.92 24.28 32.26
36.43 42.16 46.54 42.94 45.03 45.40 41.71 46.65 26.11 32.24 36.12 30.24 41.94 38.60 33.31 24.99 28.40 33.47 44.75 40.98 46.83 41.83 33.82 41.33 44.83 39.55 36.37 35.58 21.24 14.58 2.38 6.66 13.85 15.73 15.57 19.65 24.46 15.63 12.09 8.02 21.04 22.14 21.88 18.64 29.62 37.65 42.81 32.20 37.65 35.08 31.56 17.33 27.91 24.20 27.85 28.69 24.32 26.92 24.16 31.94 24.43 33.57 22.81 30.09 23.10 20.45 22.01 26.90 23.02 23.29 14.91 19.28 29.52 26.15 31.01 30.58 18.54 30.36 37.57 25.76 25.60 35.59 26.93 26.47 27.04 28.61 18.71 27.49 21.48 35.64 37.50 29.00 25.14 12.58 20.48 23.03 28.11 21.85 16.66 23.63
43.74 36.88 35.61 40.51 48.34 44.01 35.59 34.15 36.20 26.01 21.18 22.44 29.65 30.65 22.79 23.53 32.85 43.43 33.99 34.74 40.91 39.85 43.83 42.79 32.56 42.31 34.03 29.33 23.30 11.08 8.51 1.48 1.19 10.39 9.63 12.55 11.37 25.12 19.33 11.21 16.33 12.63 26.73 17.96 17.93 24.56 34.71 39.85 43.58 28.93 23.87 34.37 31.29 18.62 24.26 23.09 34.81 24.67 34.57 31.63 22.89 35.62 31.98 26.18 22.77 18.97 31.82 16.41 14.99 15.89 18.87 13.14 20.58 26.94 18.87 23.01 23.01 30.72 27.92 34.62 30.50 27.10 25.53 21.50 20.86 21.22 18.54 23.45 21.27 30.60 36.80 23.97 21.66 23.11 24.09 29.66 33.39 26.52 18.46 25.00
32.24 29.18 34.04 46.43 40.48 45.07 36.91 41.19 32.31 30.05 32.88 34.59 23.66 26.17 34.74 21.01 26.60 41.81 42.22 39.91 46.65 48.96 40.29 35.05 41.80 41.08 27.55 25.53 26.29 11.79 7.44 6.60 4.33 8.11 19.73 9.97 16.03 7.98 7.94 8.82 11.60 11.48 26.69 21.05 16.75 18.75 26.39 43.93 33.79 25.09 27.56 35.91 28.39 17.95 24.76 21.61 31.87 29.24 24.64 36.25 22.25 27.73 25.42 20.71 16.33 24.86 25.11 16.84 19.89 20.84 25.94 18.45 19.92 31.06 27.71 29.61 24.18 22.21 30.07 22.95 20.18 34.06 22.89 18.86 18.98 29.27 20.38 25.38 25.26 23.55 20.84 19.35 24.57 18.61 14.57 25.82 32.12 21.13 31.63 27.14
37.30 30.81 40.46 39.77 40.59 44.55 44.26 29.63 23.98 37.86 36.89 35.64 35.88 25.82 23.94 18.18 20.81 41.92 49.13 36.31 43.16 36.20 31.51 35.85 31.96 42.96 27.29 18.03 17.75 23.91 16.55 16.69 15.56 10.27 18.08 17.55 18.20 14.02 17.91 12.98 16.17 22.40 13.36 21.69 26.27 25.77 31.63 29.15 36.70 40.18 24.40 29.40 31.78 18.44 29.59 20.97 24.13 31.92 33.00 38.41 29.07 19.12 26.77 19.21 19.47 24.51 15.66 23.81 13.78 22.19 16.30 23.80 18.85 14.41 27.93 28.75 32.94 22.65 33.27 21.45 24.17 24.97 25.28 23.36 15.16 16.83 20.04 13.99 25.39 17.92 19.48 13.88 27.61 13.53 14.33 27.62 21.92 30.23 25.32 27.36
40.46 43.48 34.17 42.56 41.97 46.83 36.61 26.69 38.37 42.48 42.24 38.65 39.33 29.58 21.16 17.85 26.95 27.09 41.41 49.79 45.22 38.07 44.78 38.68 29.68 25.32 37.85 25.19 30.39 19.37 14.81 18.49 23.56 9.82 10.07 15.91 23.07 9.77 14.02 9.50 23.80 13.76 12.49 10.86 22.70 33.64 31.25 39.10 29.25 33.20 23.02 24.77 17.03 33.54 29.55 27.76 25.99 33.65 42.41 37.87 36.27 23.33 13.85 22.23 14.91 19.74 30.25 27.71 28.77 19.69 15.72 17.15 25.23 24.82 17.94 24.71 29.12 38.87 29.80 28.52 27.78 29.54 29.41 32.70 26.88 20.63 19.38 24.89 25.20 25.08 22.72 13.60 25.05 11.84 12.50 16.93 33.36 36.38 33.94 38.32
36.00 42.99 32.55 28.05 49.39 45.95 30.12 26.53 32.00 41.87 46.15 42.00 44.97 25.94 26.18 14.19 16.16 34.30 33.64 44.77 37.48 48.32 34.54 38.85 25.26 32.94 28.58 39.98 32.26 24.54 14.41 16.48 9.11 18.34 6.11 8.55 14.73 5.53 0.81 3.16 22.32 26.70 24.08 9.18 27.14 23.74 35.13 24.35 28.70 28.41 31.98 14.87 14.88 18.68 28.40 33.83 32.07 26.42 43.93 37.92 38.41 27.44 21.21 16.87 11.71 28.93 22.32 21.94 25.78 14.11 15.57 22.61 21.98 13.43 27.37 25.85 30.85 27.20 28.21 34.06 37.69 29.35 24.02 37.69 32.33 30.68 29.76 16.92 28.02 30.91 24.88 21.14 8.87 6.15 4.86 16.56 20.47 22.29 36.80 34.49
35.39 40.12 32.06 28.09 40.00 33.25 38.25 21.76 39.07 38.51 44.91 46.56 31.31 36.66 18.11 15.52 19.70 23.81 36.14 42.66 49.80 41.22 39.70 36.50 37.88 40.92 43.35 41.53 33.55 23.24 17.21 13.10 23.23 11.70 10.02 0.53 14.20 15.93 13.02 10.30 15.66 16.52 13.04 15.15 26.01 33.70 31.68 33.85 34.18 22.40 19.28 30.01 26.23 23.95 29.87 24.49 36.31 29.00 37.73 41.03 35.86 22.53 31.71 23.76 18.06 12.15 26.72 28.37 12.71 19.80 17.98 19.15 28.36 28.93 17.26 24.84 22.66 17.73 29.19 29.82 24.12 37.09 24.51 24.29 25.39 27.13 17.56 15.40 30.16 25.75 30.37 20.14 22.60 18.28 8.56 15.15 26.51 22.80 34.15 33.23
37.52 43.14 42.51 45.01 30.96 27.31 34.60 40.69 26.78 38.30 41.19 37.43 46.31 39.65 18.07 17.75 13.37 24.70 30.36 44.50 35.91 45.98 46.66 42.03 37.10 40.90 33.66 43.23 25.47 33.93 25.63 10.34 22.12 26.26 7.78 3.50 10.15 5.22 13.58 3.79 16.02 12.85 5.65 5.65 22.35 25.53 25.21 25.08 33.77 20.26 29.19 35.58 19.16 14.81 23.28 28.48 31.86 30.71 28.68 36.23 43.70 36.65 21.57 18.26 20.13 21.41 16.26 12.45 13.60 14.87 18.56 12.41 27.36 18.12 18.73 12.00 20.40 14.82 28.23 25.82 29.63 32.13 33.85 19.51 16.21 28.52 12.15 19.95 14.47 34.89 30.64 30.18 24.04 18.92 9.40 12.12 20.28 18.62 35.13 32.61
37.85 35.44 40.02 38.61 35.61 38.87 30.00 28.89 26.99 41.59 30.68 31.16 36.10 32.25 23.09 11.94 15.54 16.65 20.34 38.84 35.20 35.68 42.27 48.43 49.16 36.78 41.80 29.20 29.48 30.66 32.57 22.59 19.63 22.38 22.36 16.39 16.12 11.19 8.79 1.67 0.67 7.43 8.75 3.85 14.69 28.42 20.46 33.17 22.47 35.37 28.70 28.57 16.75 12.85 28.95 23.76 25.79 28.57 27.08 30.01 39.27 28.96 31.23 13.82 10.04 13.40 8.17 19.56 22.74 11.40 17.59 25.74 28.83 15.59 9.75 23.38 14.55 21.44 16.41 34.53 33.76 42.21 40.31 17.54 27.90 18.83 10.65 10.45 17.91 24.80 20.54 26.53 16.37 25.89 18.18 9.31 23.88 24.10 21.99 28.91
27.26 30.79 38.03 31.35 27.27 39.10 35.97 33.23 31.63 41.42 40.51 42.00 43.92 24.99 22.47 16.04 24.67 20.18 17.10 23.11 37.63 35.79 45.02 42.90 43.97 44.01 31.83 40.21 27.51 30.81 34.18 31.90 17.75 27.19 26.16 14.47 10.96 6.09 4.54 9.81 1.11 5.85 10.16 15.61 13.74 17.19 24.98 34.88 35.70 31.75 24.63 24.34 14.03 19.60 19.88 15.62 14.59 16.68 18.11 35.20 38.15 29.60 28.68 28.25 12.73 10.84 22.94 23.34 27.62 14.47 21.38 14.90 23.13 28.29 14.24 15.25 23.12 16.44 21.69 19.07 34.65 45.81 37.82 22.82 17.52 13.73 13.23 12.70 19.27 27.70 15.25 23.56 24.03 18.73 20.61 13.33 13.81 11.13 16.66 29.60
24.82 35.21 42.93 44.81 35.47 37.63 27.25 29.05 23.96 33.98 37.32 40.42 40.97 30.83 16.44 13.12 26.45 30.55 21.19 34.54 31.50 29.15 41.52 49.71 46.64 36.08 42.83 31.48 23.20 36.53 38.94 22.84 21.02 30.01 20.91 24.84 8.96 1.01 5.47 11.45 15.09 14.69 11.20 14.77 22.41 17.14 19.49 32.86 26.64 26.73 24.35 31.43 17.83 12.70 23.81 18.50 17.15 11.29 29.69 37.72 35.40 25.99 25.65 15.84 9.97 22.28 27.26 22.60 24.24 29.47 25.66 26.03 16.17 22.94 25.16 22.57 27.38 19.64 24.59 28.67 30.13 39.42 36.70 28.03 17.65 8.50 20.39 14.04 20.89 18.63 28.44 30.20 20.19 15.81 20.93 18.36 19.92 22.45 11.26 12.69
35.03 42.91 48.00 41.15 31.93 39.81 40.83 22.27 24.26 24.69 36.36 31.24 37.06 24.17 13.64 13.75 17.62 23.11 36.67 31.47 38.85 37.01 41.33 43.33 37.26 41.01 38.29 40.73 36.39 40.06 43.70 34.69 18.16 17.11 28.22 25.51 23.88 9.91 5.66 15.67 24.17 15.06 14.29 10.57 20.76 19.51 31.32 23.38 23.88 28.92 31.28 19.73 17.05 14.15 10.48 22.31 12.88 14.79 22.72 32.43 35.15 34.59 17.70 11.63 21.31 22.08 27.39 20.84 19.16 29.36 22.13 14.41 14.30 12.46 18.64 19.77 22.17 13.62 25.44 20.60 20.00 34.84 36.71 36.83 15.17 24.35 8.41 10.18 13.41 24.59 23.63 28.77 23.70 19.23 23.63 22.55 23.65 22.48 13.97 19.94
31.01 36.74 37.65 47.69 46.70 33.08 40.92 29.99 34.69 28.51 38.31 28.28 36.14 18.75 24.04 22.98 18.24 25.99 35.22 38.89 27.67 30.10 34.70 44.56 38.92 31.68 47.59 40.33 49.03 38.17 41.98 42.83 36.22 21.71 29.11 22.02 29.63 22.11 13.65 20.95 19.94 27.72 7.25 19.31 14.45 29.76 28.69 34.01 34.89 24.56 29.89 24.07 12.80 14.52 19.29 22.30 16.04 17.29 30.29 27.60 33.00 39.90 19.52 26.16 27.39 29.06 20.61 20.04 31.62 33.97 26.61 19.85 10.86 21.05 12.03 8.41 18.49 17.27 10.74 21.87 26.04 33.98 40.26 31.42 20.42 10.70 20.10 10.70 20.59 29.34 32.29 28.53 25.64 29.91 16.52 28.40 21.09 20.26 26.22 23.25
36.06 37.47 34.99 36.54 35.82 45.99 28.65 42.41 31.19 26.17 31.32 29.90 20.28 20.03 22.90 13.21 25.93 34.30 38.69 38.38 35.13 37.76 37.36 47.63 44.48 41.20 31.23 46.92 42.49 47.63 33.98 39.12 29.07 21.69 26.53 36.58 34.36 16.18 19.71 9.16 29.05 20.92 28.26 24.92 19.17 19.53 34.22 32.93 26.13 23.98 23.78 27.38 20.45 8.36 10.13 10.05 8.70 20.42 24.38 27.92 40.74 31.98 22.38 24.86 26.99 27.29 16.05 31.93 25.83 21.21 21.25 17.59 15.56 24.35 22.70 23.81 17.32 8.58 14.88 22.48 22.59 22.25 40.33 36.01 15.67 26.61 22.34 16.51 11.66 22.53 23.39 31.91 21.59 19.77 24.28 26.33 29.71 26.99 33.63 35.29
43.07 41.19 30.72 35.70 41.16 29.09 28.88 28.48 27.04 33.44 30.11 26.06 21.01 30.84 15.89 17.19 18.60 26.41 26.84 37.15 43.75 41.96 44.81 46.50 39.54 29.24 38.76 31.32 42.38 32.25 44.86 33.94 36.94 36.99 38.23 43.35 32.64 29.59 27.29 15.03 25.83 19.05 30.33 18.00 21.68 23.97 35.17 26.40 24.54 18.53 31.90 25.28 18.93 22.13 14.82 18.17 23.22 11.49 29.88 32.92 38.03 27.72 20.84 18.59 32.31 33.81 24.74 30.16 24.46 30.35 13.62 15.56 27.00 18.76 14.14 27.27 25.30 24.71 14.60 10.12 25.82 37.36 32.07 26.93 17.61 14.27 12.21 22.13 17.77 12.98 28.95 25.59 31.76 20.99 22.08 31.97 30.00 35.66 24.41 35.02
