15.16 17.43 22.11 23.26 26.51 30.33 26.16 28.91 24.15 22.15 18.87 20.72 22.04 17.45 17.67 20.32 22.43 17.86 20.59 22.53 22.74 22.82 22.38 27.24 26.67 27.73 28.13 27.40 26.76 23.16 25.17 21.92 18.86 14.68 15.36 15.37 17.44 16.70 15.36 11.82 11.94 10.98 10.45 13.84 16.32 20.83 19.58 19.79 20.37 18.16 13.65 18.12 21.89 22.77 23.49 24.72 21.23 21.58 20.44 21.56 25.43 29.50 32.20 27.35
18.41 20.92 17.11 22.01 28.79 32.39 28.10 28.09 30.03 22.52 20.13 23.81 22.78 21.19 16.15 20.51 20.22 21.73 22.82 25.13 20.70 18.23 19.04 23.22 24.60 27.70 31.63 24.41 23.43 28.65 22.90 18.31 18.48 20.61 12.78 20.21 16.60 15.13 16.05 15.07 7.62 12.77 11.39 12.53 18.00 19.28 20.76 23.15 23.95 21.48 13.97 12.37 22.35 26.38 23.45 19.95 26.05 21.84 19.52 22.40 21.26 22.66 32.91 27.32
18.87 23.00 21.62 24.85 27.13 24.74 27.47 31.47 30.44 22.27 25.85 27.26 19.57 20.79 19.39 18.50 17.67 24.13 22.88 22.01 17.60 17.38 21.29 24.22 23.15 31.67 31.24 28.11 23.31 26.73 23.12 15.78 22.14 20.52 19.69 13.23 13.25 16.21 10.91 10.63 14.10 10.21 15.22 10.66 13.11 15.50 15.78 25.41 28.02 17.96 20.13 15.57 14.86 19.74 20.92 26.72 22.19 20.50 17.35 15.41 23.35 29.63 28.34 29.41
21.90 23.49 20.07 21.42 23.95 25.76 29.37 32.09 30.94 28.90 25.57 20.48 24.52 21.45 21.45 23.03 20.63 24.29 20.49 20.79 19.75 17.45 16.31 23.65 22.91 22.63 26.55 27.97 28.36 27.62 27.38 25.59 23.17 22.11 22.15 16.46 13.78 11.06 13.36 10.27 8.19 11.19 13.79 12.25 11.73 14.62 13.11 23.22 27.67 25.69 23.43 19.02 20.07 21.01 25.56 20.85 18.84 20.18 20.64 21.85 21.09 27.85 28.09 30.95
17.85 19.74 23.84 24.14 26.53 21.49 25.44 28.53 33.56 31.29 24.58 21.23 17.03 19.54 22.52 21.58 20.40 19.90 25.58 21.31 15.81 13.46 19.10 19.80 22.74 25.04 25.42 25.40 31.88 32.29 24.85 24.16 26.16 25.62 26.53 19.11 14.51 9.04 9.74 14.82 7.69 7.33 9.33 16.06 17.40 9.88 16.91 22.05 23.16 27.91 19.89 21.28 17.96 21.53 26.10 27.43 24.10 19.63 23.24 22.36 24.70 22.63 31.97 33.16
15.65 17.50 18.25 20.11 19.92 18.91 20.33 24.75 31.44 27.27 27.45 26.94 22.08 23.52 22.92 20.52 18.98 21.52 18.31 23.65 20.60 18.37 15.99 17.20 25.07 21.74 21.54 23.69 24.48 31.37 26.86 26.28 21.90 20.46 27.29 18.68 15.13 11.30 6.67 11.51 5.44 2.80 8.28 8.36 10.28 9.19 10.17 20.25 23.15 28.41 22.67 19.23 16.68 15.71 23.83 23.00 19.33 22.67 19.10 26.01 20.13 25.93 29.77 32.08
12.82 18.44 23.31 22.30 20.58 23.80 25.15 24.56 28.67 24.54 28.41 27.60 26.12 27.38 27.15 18.34 23.40 18.24 19.94 17.45 16.97 15.24 21.62 18.03 17.86 17.98 22.53 25.59 29.39 29.62 30.02 28.44 23.90 18.83 25.27 19.04 18.30 8.29 12.46 9.12 11.94 10.30 4.46 7.67 8.77 13.45 10.71 13.04 25.13 19.85 19.12 20.97 18.52 20.26 15.75 22.16 18.46 16.47 16.73 17.88 26.52 26.24 24.40 27.16
15.19 18.65 19.35 25.57 24.11 23.26 22.63 23.15 22.00 30.35 28.23 24.26 30.90 23.36 25.99 22.01 24.42 21.29 19.82 19.10 16.75 18.04 19.20 16.23 12.85 13.42 18.98 25.66 31.95 32.32 29.56 32.74 24.23 18.31 22.31 23.34 21.35 13.39 7.73 8.46 13.22 5.64 5.28 9.44 10.59 7.91 8.50 14.60 17.80 21.45 18.13 21.87 21.15 22.68 22.28 15.24 18.16 15.64 11.70 15.66 18.22 23.54 21.63 24.02
20.76 21.67 23.75 27.08 29.78 28.58 24.46 24.59 23.70 29.23 26.86 29.40 31.77 30.47 23.83 23.47 26.02 23.73 16.13 21.30 15.15 13.65 14.46 19.72 15.07 17.22 21.20 20.56 30.03 34.40 34.31 28.39 25.11 26.32 18.51 24.91 19.25 14.31 9.83 5.18 7.86 4.51 4.64 8.92 5.26 10.43 13.45 15.90 13.28 22.34 16.52 22.96 20.11 19.81 24.13 24.38 13.59 14.07 17.98 17.83 16.44 18.00 20.28 20.18
18.00 18.39 27.56 28.29 26.68 29.03 26.47 22.88 28.24 29.53 28.51 24.50 32.49 32.41 23.85 20.85 24.33 23.71 23.39 23.53 17.80 17.46 11.43 18.82 18.20 21.55 22.27 19.41 22.64 26.31 30.15 26.07 27.78 28.18 21.99 24.93 19.48 13.12 8.48 10.49 9.76 1.72 6.33 2.98 9.39 6.72 13.66 15.60 16.24 18.26 22.55 16.42 24.00 20.20 26.33 22.60 23.44 19.43 16.65 21.70 20.55 19.34 19.48 15.43
15.32 17.76 23.89 31.42 27.00 27.95 22.02 22.97 28.75 32.66 26.88 29.54 28.12 25.63 23.44 20.69 19.44 20.96 23.25 20.86 22.94 12.81 15.56 17.79 16.93 23.24 24.15 22.06 24.61 26.16 23.98 22.36 27.58 25.70 22.73 19.89 17.49 11.02 11.70 8.99 8.53 1.86 6.74 1.75 2.17 9.45 10.59 10.46 17.03 13.99 18.09 21.69 22.65 23.25 25.34 26.71 27.70 22.45 23.52 16.32 22.58 17.25 14.02 15.68
13.06 15.08 19.50 29.81 32.34 26.21 23.82 25.95 28.32 26.04 31.35 28.07 26.97 22.78 21.74 18.07 16.15 23.68 25.85 20.36 22.97 22.47 19.69 19.53 23.01 23.92 26.84 23.96 26.90 27.95 28.22 27.72 30.12 26.79 23.99 19.55 13.02 12.64 13.31 7.04 4.07 1.43 2.68 4.42 8.57 12.65 10.19 10.65 13.47 15.88 12.61 22.61 18.81 26.72 27.20 24.77 25.44 21.99 22.10 23.19 21.26 20.27 12.33 11.56
16.56 15.71 19.74 26.72 32.88 28.02 24.43 27.62 22.01 27.86 28.06 32.81 27.95 21.48 18.66 22.96 23.55 20.45 20.80 27.34 19.20 21.82 16.95 21.13 24.82 23.67 27.42 30.62 23.67 23.84 29.86 28.83 27.98 30.32 20.96 19.93 13.51 15.61 12.28 5.79 1.47 2.49 1.32 2.67 5.74 8.10 11.67 13.70 13.81 18.50 15.76 12.71 18.77 25.79 29.21 23.54 19.41 23.91 24.03 19.80 22.81 18.26 20.11 10.54
15.02 19.54 20.79 24.20 31.94 25.54 24.14 21.82 28.10 24.99 24.74 31.82 24.89 25.80 20.63 21.07 26.80 20.96 18.99 17.85 19.06 21.85 24.94 18.35 26.81 24.83 26.66 26.40 29.70 30.05 32.83 25.24 23.40 24.26 21.67 15.63 12.50 17.71 10.39 3.21 0.80 0.28 6.04 4.46 5.98 7.24 12.29 9.42 16.78 17.99 14.53 14.34 17.52 25.68 28.83 20.31 25.16 25.20 27.57 24.33 25.83 19.06 18.55 13.01
13.18 19.51 21.62 19.80 20.53 21.18 24.57 23.43 25.43 23.13 28.50 25.72 25.94 23.04 18.43 21.36 18.28 23.71 21.70 22.64 16.46 21.75 21.20 18.49 18.14 28.85 29.71 24.77 27.16 29.11 32.61 31.89 29.23 23.24 23.21 14.95 17.73 15.08 14.92 5.13 2.84 5.09 8.45 1.67 4.59 8.77 13.08 15.41 11.17 13.32 18.59 18.76 17.22 24.90 20.49 28.69 19.98 21.83 26.78 23.65 25.53 23.86 18.86 13.73
14.78 19.58 17.32 23.17 17.43 19.04 17.94 22.78 20.21 21.48 22.04 22.78 21.31 23.19 21.48 15.51 20.80 22.22 18.04 20.55 20.58 20.09 19.48 21.06 19.60 20.47 29.52 31.77 27.88 24.92 28.15 27.48 23.00 26.05 17.84 16.11 11.77 18.85 15.14 10.40 9.53 9.46 8.28 7.43 9.70 5.77 6.24 16.03 18.89 19.46 13.17 15.11 14.93 23.70 19.64 19.11 18.89 17.87 19.11 20.81 25.78 28.24 23.06 20.54
19.42 21.90 21.92 20.24 15.37 12.62 13.85 21.80 26.12 25.90 19.71 18.48 22.42 18.17 23.01 20.89 17.02 19.36 23.75 22.23 18.83 15.91 16.58 21.51 16.50 21.80 22.85 29.26 31.12 23.60 22.25 29.07 25.50 24.10 25.80 20.03 18.61 17.08 15.02 11.82 8.62 4.79 12.05 9.94 12.47 11.15 7.64 7.78 19.11 22.01 14.17 9.56 14.76 19.52 24.18 19.01 22.09 18.86 15.25 23.14 26.85 21.09 25.42 20.05
21.67 18.94 21.64 16.12 16.10 15.12 17.29 15.31 21.73 19.69 23.04 20.59 20.89 25.52 25.27 16.87 15.02 21.36 24.29 26.74 15.98 17.68 16.03 16.73 14.46 16.50 19.81 23.92 25.36 28.37 22.29 26.45 27.91 22.84 18.87 24.37 15.43 16.93 16.39 8.17 4.62 4.45 12.44 12.89 8.66 10.06 5.92 14.63 13.25 20.46 12.05 10.01 15.29 17.42 16.75 18.56 17.68 18.44 17.08 18.26 17.74 19.06 21.32 17.50
22.15 23.53 24.25 21.21 20.55 15.13 18.15 17.29 21.30 20.94 18.11 17.98 20.00 26.67 21.68 19.28 18.79 21.00 21.70 26.33 17.08 21.54 19.93 13.01 14.63 14.96 17.86 23.35 29.70 23.05 26.84 25.94 22.71 24.60 26.60 24.12 17.81 17.29 10.02 10.72 4.98 11.43 5.74 8.57 10.43 12.78 14.12 12.43 13.06 10.50 9.46 8.35 17.56 20.31 22.73 16.65 20.83 18.42 15.17 21.83 15.26 21.62 17.26 17.62
20.84 17.73 22.21 17.29 16.81 14.34 16.72 20.33 20.80 19.21 16.54 18.77 19.87 24.71 22.62 20.04 15.74 15.18 20.84 24.41 25.29 19.80 19.36 18.39 17.75 15.19 21.95 21.81 24.74 28.64 30.60 30.95 26.50 25.89 22.33 19.11 15.63 15.36 17.39 12.14 8.32 9.59 13.46 5.68 8.44 13.02 13.49 16.06 16.97 15.39 9.39 11.64 19.39 16.25 23.58 25.28 17.55 22.43 20.28 17.60 14.24 21.62 18.75 15.63
17.06 22.81 20.79 21.34 20.89 15.77 15.22 20.50 15.42 14.35 13.16 17.42 23.04 20.70 17.95 19.45 20.66 22.29 24.85 22.41 18.61 16.54 17.90 14.95 18.93 23.23 17.74 21.81 25.08 25.16 24.12 23.17 21.67 23.28 21.90 21.03 20.89 13.09 18.31 18.72 10.50 7.42 6.90 11.31 6.12 7.85 14.46 15.21 13.42 17.93 12.57 16.05 17.37 23.87 23.44 21.80 20.35 22.86 24.42 17.36 16.60 17.58 16.65 20.67
17.62 19.87 25.14 24.87 22.59 16.38 21.91 16.64 18.08 15.01 15.52 21.45 21.54 21.31 18.51 18.18 15.56 15.98 20.24 26.03 19.17 15.62 15.25 21.51 23.61 23.88 19.07 24.11 19.23 20.63 26.42 20.09 19.42 19.13 23.25 19.97 19.10 18.90 18.96 18.91 14.79 10.14 10.06 11.86 5.71 13.11 13.77 18.43 12.76 17.22 18.76 13.96 17.53 17.96 25.10 22.32 26.56 23.88 19.77 19.93 15.53 17.82 17.10 17.06
19.23 15.92 24.24 27.24 22.73 18.81 19.00 21.95 22.64 14.70 18.00 17.56 23.10 17.80 14.25 13.08 16.98 12.85 16.43 24.96 24.63 20.23 22.58 20.78 24.73 21.71 21.10 18.14 15.93 22.93 20.08 21.44 22.38 24.94 25.02 25.36 22.55 22.09 16.09 14.71 10.77 14.64 12.72 11.46 11.13 15.65 11.36 13.21 12.97 15.40 17.14 21.84 17.20 21.15 24.91 29.64 24.98 22.29 24.99 16.06 12.59 12.30 15.53 20.94
21.90 22.08 18.15 18.18 19.05 22.67 23.59 20.87 22.36 22.59 21.50 20.11 16.93 15.43 18.08 16.51 13.92 19.36 19.42 22.66 19.68 23.31 21.58 26.16 21.55 23.82 17.80 13.68 17.96 19.68 17.85 20.26 21.65 23.80 28.82 25.55 27.81 21.96 17.96 19.15 11.12 10.50 7.57 10.73 11.48 16.68 9.69 16.61 17.28 15.78 17.94 21.57 22.74 26.22 26.92 31.38 24.72 28.35 26.03 16.63 18.51 15.37 12.75 17.36
24.82 23.95 20.54 17.24 21.40 25.15 27.43 28.27 26.39 21.31 24.29 25.18 16.08 13.42 12.47 10.65 12.68 16.33 15.69 23.81 20.14 16.46 23.16 26.20 22.28 25.65 24.68 16.50 16.64 21.68 20.17 15.34 21.03 28.22 23.09 24.69 26.55 23.88 17.91 20.31 10.75 12.56 7.72 8.48 9.74 7.07 14.23 14.42 20.41 20.96 17.68 20.61 27.64 27.80 23.66 24.89 28.53 27.54 23.29 17.95 21.49 21.39 16.90 16.01
22.90 18.66 15.47 22.24 16.53 26.47 26.21 30.39 27.81 21.95 22.46 21.86 14.28 12.18 8.32 15.03 11.53 10.60 19.17 20.10 15.37 19.37 19.76 25.18 23.74 20.41 18.70 21.58 18.96 18.93 23.50 22.05 17.02 20.90 22.59 20.62 22.95 23.86 20.46 22.21 18.84 13.70 13.38 13.54 13.31 8.84 14.14 17.51 22.01 21.75 20.00 23.00 22.15 22.73 29.18 29.67 26.85 24.17 19.25 21.84 21.06 17.96 21.60 22.31
24.25 23.08 22.50 22.63 19.15 17.99 23.48 31.16 24.27 28.56 21.96 15.42 19.02 14.10 10.33 15.85 8.32 15.41 18.87 16.33 13.15 21.78 22.41 18.26 22.35 25.28 21.67 20.50 19.62 17.70 19.07 24.60 18.58 24.37 24.02 23.73 21.95 20.95 18.54 17.50 16.90 18.33 17.74 13.57 7.32 7.41 10.30 19.56 19.72 23.59 26.77 24.29 25.81 24.58 26.48 30.61 29.37 24.25 25.56 22.11 24.45 16.89 18.19 16.87
20.68 18.28 21.77 20.44 22.53 17.46 23.87 21.84 27.33 27.93 25.70 19.88 20.66 17.67 9.83 6.29 11.45 11.50 18.91 20.98 15.70 21.77 18.92 24.68 17.93 21.04 20.32 20.29 15.90 22.86 23.92 18.44 19.51 23.11 22.34 19.32 23.04 19.27 22.82 16.77 19.02 18.08 14.42 10.81 13.60 6.00 7.91 15.72 21.84 23.52 22.49 22.94 21.89 25.09 27.69 27.18 27.71 30.23 20.88 22.83 19.28 18.03 14.08 13.43
17.60 19.37 16.48 22.30 16.22 20.80 16.00 26.97 24.11 31.11 28.20 20.12 23.23 18.77 14.55 7.98 10.26 9.27 17.62 17.13 17.73 20.56 21.37 20.59 17.58 24.09 20.96 21.25 24.79 25.24 18.11 24.74 21.60 17.57 16.28 19.40 18.42 23.64 18.77 22.77 16.59 18.86 11.54 11.07 9.60 6.41 12.68 17.02 21.26 24.85 25.95 21.35 17.92 20.67 23.77 27.14 27.28 25.38 25.79 25.22 26.34 20.17 14.16 16.50
17.77 22.01 24.21 15.44 18.14 20.64 25.72 24.38 30.08 25.35 25.07 24.71 18.25 14.64 15.66 8.49 6.49 11.01 10.45 11.24 14.59 14.57 19.32 23.39 16.46 15.89 24.98 18.16 19.39 22.51 22.19 17.38 17.75 23.28 16.78 17.21 15.17 18.89 20.74 21.51 17.30 20.98 10.75 8.25 7.99 5.52 11.00 17.44 23.76 25.93 28.47 23.75 23.21 25.06 26.39 21.56 20.52 28.67 26.56 30.88 27.21 23.47 16.18 20.52
24.82 23.62 22.57 17.88 20.75 22.53 20.31 23.12 29.59 30.32 28.31 28.63 25.57 16.92 10.79 8.44 11.51 9.85 12.12 7.95 8.11 13.26 20.94 20.48 15.87 19.42 17.39 19.54 24.82 23.40 22.73 19.78 20.76 16.92 18.68 18.05 12.54 18.86 21.63 18.45 23.56 20.25 19.90 14.97 13.33 4.96 10.08 10.70 14.55 24.27 26.66 23.89 19.47 19.51 23.32 25.32 28.50 28.19 24.37 32.08 33.10 21.37 22.85 16.03
25.05 26.58 25.38 25.26 18.36 15.64 16.58 20.58 25.56 32.37 27.91 24.21 20.47 21.23 14.67 15.87 12.78 14.94 12.27 12.36 8.39 8.33 15.26 22.28 19.76 20.37 18.69 17.15 19.82 27.09 23.11 19.66 15.72 21.83 22.95 19.34 19.17 20.85 16.48 17.78 16.02 22.10 21.56 17.17 10.43 12.12 14.18 7.98 11.23 14.56 22.03 22.94 23.74 24.95 26.36 23.26 30.63 27.38 28.71 26.86 32.34 22.66 24.48 24.46
21.83 27.47 25.70 21.25 15.66 19.18 20.69 24.47 21.91 30.36 33.40 23.06 25.56 15.95 20.26 17.52 13.45 16.08 15.68 15.16 8.63 12.63 11.08 21.46 23.54 23.94 20.06 17.48 19.99 22.62 19.54 21.16 17.43 21.83 24.77 23.97 18.47 15.77 20.92 21.26 24.03 22.16 16.06 16.82 13.67 16.27 11.69 10.39 7.70 18.35 23.66 26.66 20.84 21.27 28.08 30.25 29.10 32.17 24.65 25.13 29.38 29.05 22.17 19.55
21.53 28.03 30.59 24.45 18.00 20.33 18.15 23.57 28.53 24.66 30.68 28.04 24.19 22.60 14.82 13.59 11.79 9.97 11.77 13.73 12.41 11.76 13.54 22.37 21.23 21.51 24.98 17.35 15.38 23.64 17.78 21.23 18.50 24.58 25.36 23.13 24.17 22.81 18.18 24.80 19.08 15.36 16.88 12.80 13.58 15.51 12.35 13.62 14.91 17.33 21.93 20.42 25.08 21.14 28.26 27.92 29.93 31.22 28.07 24.39 24.14 26.47 23.45 26.60
26.19 29.23 25.93 20.88 25.30 23.18 18.95 18.61 21.61 24.26 31.78 24.27 28.25 20.37 15.80 14.78 13.50 12.67 11.23 7.73 13.93 13.81 11.89 15.34 17.30 19.38 20.98 19.25 19.55 14.48 23.57 15.81 22.87 27.73 27.67 28.66 22.73 26.93 19.55 20.07 22.67 14.26 11.07 12.21 10.87 10.41 12.29 11.35 9.61 18.13 15.45 24.92 24.44 29.45 29.48 30.86 27.45 28.15 28.08 21.81 21.31 20.35 27.62 21.21
30.23 25.28 21.91 20.81 20.39 18.92 19.34 22.68 19.04 28.13 23.75 27.94 28.12 26.43 23.41 20.62 19.63 15.92 7.84 8.86 13.70 17.09 13.43 10.52 12.36 19.03 22.71 18.51 16.03 19.35 17.88 22.88 24.48 25.94 22.93 28.17 27.08 26.32 23.80 16.80 21.41 18.52 17.67 10.47 9.25 6.29 5.50 9.92 12.26 11.34 21.09 20.63 25.63 26.49 31.11 29.86 24.48 26.17 24.35 22.11 18.81 18.86 26.03 25.81
30.47 26.50 20.74 21.47 16.82 19.10 18.19 22.64 26.33 19.48 28.51 23.28 27.83 24.83 26.47 23.33 24.28 12.91 7.27 6.53 15.61 15.40 9.13 7.58 14.69 19.70 16.79 18.64 23.05 17.16 15.00 21.83 22.79 22.70 25.09 20.98 24.87 23.66 22.80 18.77 20.26 24.26 14.28 8.81 12.93 7.50 10.21 7.97 12.71 15.08 19.11 21.34 27.26 25.19 27.29 26.97 23.84 29.46 21.67 16.78 23.07 22.72 18.38 23.77
29.73 30.82 24.16 22.16 24.31 19.85 19.31 22.44 20.46 20.47 19.41 21.15 25.52 22.67 27.12 21.52 20.50 16.68 15.78 9.32 11.96 10.71 12.97 11.63 10.94 10.65 15.03 14.19 21.70 19.30 18.82 17.05 18.35 20.95 19.35 20.96 17.66 19.66 21.62 17.98 17.80 22.04 19.98 12.42 8.33 11.54 6.62 6.73 6.88 14.74 15.14 24.28 26.75 24.73 29.69 24.75 28.60 27.02 25.02 22.10 18.73 17.02 21.50 16.23
34.29 26.22 29.89 25.77 19.92 20.78 23.63 21.35 23.49 20.10 23.86 23.46 24.20 21.97 24.17 26.45 21.40 15.90 18.42 15.89 15.06 15.55 8.39 12.38 8.76 10.11 7.53 16.79 14.24 23.39 21.84 19.88 19.40 17.41 21.20 18.29 14.60 21.03 20.73 23.02 18.58 17.10 14.91 13.34 8.06 8.51 6.08 6.99 5.71 14.93 13.32 20.30 25.26 23.06 23.57 25.30 28.97 29.97 25.51 27.68 23.61 23.41 15.18 19.29
30.20 30.54 30.47 27.56 26.41 21.77 21.08 22.51 20.24 25.37 20.35 21.05 24.24 22.51 24.50 21.72 23.93 23.28 16.68 11.70 12.48 10.97 9.30 13.87 14.16 14.53 10.60 15.63 17.42 16.26 15.60 19.11 18.24 19.78 16.62 12.85 20.77 19.84 16.35 21.18 19.85 20.11 20.12 13.03 14.99 10.08 11.94 9.86 6.93 5.76 10.41 19.15 24.01 23.34 24.94 28.72 27.29 24.91 28.72 30.40 29.10 25.23 19.45 20.23
34.99 33.11 27.02 31.57 26.91 28.18 22.45 18.04 23.77 21.99 22.64 19.89 25.81 24.12 28.02 21.85 22.68 18.00 20.45 11.68 7.98 10.12 7.92 11.41 14.20 9.21 13.13 13.70 10.99 19.61 13.84 13.18 19.93 15.61 18.24 17.91 18.25 15.56 20.37 17.30 21.66 25.04 16.90 15.67 9.27 8.14 7.77 8.98 12.35 11.68 13.54 19.24 23.12 22.79 22.81 27.15 26.68 22.13 29.99 31.76 26.35 26.81 18.35 23.22
30.85 32.36 30.68 29.02 26.94 22.62 26.32 27.53 21.35 25.10 21.29 20.16 25.48 21.65 20.46 27.33 23.61 22.69 20.33 18.50 10.24 9.98 10.23 13.68 16.92 8.94 14.49 12.24 10.07 15.01 15.71 16.50 17.98 18.47 14.56 19.20 21.93 19.48 13.43 21.07 22.99 24.30 19.44 17.87 12.78 5.83 10.56 14.83 13.75 12.01 14.90 20.12 17.26 23.50 24.68 21.56 21.07 22.78 24.58 23.20 29.46 23.99 25.69 20.65
36.45 29.42 26.39 31.28 25.38 30.23 28.68 22.63 24.51 18.18 17.30 17.99 22.00 22.58 25.11 21.89 27.96 25.60 21.55 19.04 16.67 8.18 7.57 11.65 15.35 14.98 8.81 15.66 10.60 8.59 18.95 16.76 19.73 22.15 19.54 22.73 25.03 17.08 14.34 15.86 16.32 18.40 16.81 13.91 7.88 11.62 15.01 14.78 18.55 18.04 16.52 15.98 14.85 23.02 24.64 24.75 25.81 20.71 20.63 24.75 26.84 28.43 28.82 20.93
36.24 27.12 31.64 28.18 33.61 25.56 31.25 30.12 23.80 18.41 22.82 21.52 25.08 22.11 22.00 25.36 23.72 26.81 18.80 15.75 17.70 7.73 4.02 8.22 15.37 17.90 9.51 15.95 15.86 11.25 17.04 21.92 15.26 16.86 17.02 25.85 19.92 18.76 13.05 17.90 19.89 17.72 15.50 14.80 16.62 13.45 11.01 18.86 12.56 12.71 10.92 11.25 20.31 24.76 22.66 28.96 29.44 27.04 26.71 24.01 28.82 24.13 29.87 22.73
27.05 34.64 30.59 28.60 24.64 26.81 25.83 27.00 25.01 23.89 22.50 24.48 20.65 24.11 20.67 20.78 21.03 19.67 19.42 18.00 17.38 12.74 13.00 8.15 12.39 18.53 19.03 14.86 17.56 20.04 14.05 19.84 16.85 18.94 18.22 18.25 25.50 21.49 12.93 15.73 20.42 20.41 21.62 16.47 12.47 15.25 17.35 17.73 14.84 13.56 15.41 18.80 17.50 16.52 24.23 25.39 31.26 32.75 28.36 31.83 23.01 27.43 21.69 25.95
27.82 29.17 34.38 33.16 30.77 27.13 23.32 28.91 22.86 21.03 24.41 26.00 21.09 20.58 23.78 17.40 18.86 18.46 16.63 20.19 21.96 17.07 9.93 8.89 14.77 16.03 18.14 20.21 20.65 19.10 20.67 15.66 14.13 17.51 21.55 25.08 19.87 18.66 15.22 11.82 20.56 25.45 20.96 13.85 14.48 12.95 17.14 20.11 14.87 15.90 13.63 20.36 16.27 23.58 20.15 22.06 24.43 29.93 34.23 30.02 23.43 21.07 27.23 25.28
31.28 34.25 34.20 36.73 31.26 32.83 25.19 29.03 24.49 22.90 26.34 24.68 23.29 24.12 22.55 21.10 21.10 18.29 18.49 19.32 21.83 15.77 10.51 13.07 14.23 13.44 15.12 13.59 13.58 21.14 20.04 21.17 16.00 15.83 16.30 19.84 17.93 22.50 16.21 13.14 17.17 22.38 22.17 20.92 17.61 18.32 20.57 15.07 11.97 17.93 12.30 19.46 21.61 19.40 20.53 19.23 22.81 24.75 27.14 32.02 26.09 29.02 25.08 29.33
34.21 33.47 36.90 34.88 36.99 30.07 24.61 30.70 24.81 23.82 23.72 25.59 24.10 27.79 19.05 25.37 19.82 23.59 22.69 19.76 16.47 18.59 12.12 14.58 11.01 11.35 16.99 11.56 15.05 21.01 18.62 15.86 16.38 19.44 15.77 16.91 14.89 20.84 13.59 17.88 22.43 22.62 22.69 23.63 23.41 23.98 21.80 17.61 13.62 17.18 13.70 15.31 23.35 26.12 17.92 24.48 26.48 26.65 24.60 25.29 28.82 27.53 24.30 27.43
35.36 37.66 33.06 31.74 34.43 34.68 29.03 26.20 26.95 26.44 23.48 22.86 22.05 24.72 27.65 26.37 21.99 26.76 19.20 19.14 18.96 14.15 14.45 12.91 12.03 14.53 18.15 11.38 10.13 16.37 19.96 12.78 16.40 18.56 17.66 11.49 19.44 21.81 19.85 16.91 24.19 19.72 23.23 22.71 27.14 20.91 25.59 22.85 14.32 16.65 18.07 16.74 22.85 21.02 19.50 27.08 28.64 25.37 23.16 27.77 25.43 28.27 23.44 27.29
39.64 35.92 31.71 31.21 31.74 34.84 34.43 34.00 31.38 30.33 25.44 18.96 20.32 23.91 25.70 26.26 21.62 22.40 19.03 20.50 13.80 11.42 9.18 15.72 9.18 13.89 15.45 13.67 10.28 17.29 17.18 16.95 18.48 21.90 13.79 16.03 21.60 22.18 20.05 17.21 23.95 17.97 22.30 27.01 22.21 24.87 19.12 22.33 21.36 21.05 19.80 19.28 16.47 15.73 21.57 28.86 24.63 28.63 26.38 24.16 22.72 27.87 26.80 27.19
38.05 36.96 33.74 35.97 34.50 37.39 31.78 37.41 33.17 25.18 20.09 17.08 17.34 23.40 29.53 29.40 26.37 24.63 24.52 19.55 18.11 11.80 8.69 12.81 11.29 10.33 13.77 17.41 12.86 11.63 18.95 20.35 14.56 14.40 14.87 18.50 21.32 24.72 21.18 21.04 18.72 17.20 22.24 26.92 23.12 22.89 18.46 20.19 22.04 16.75 22.52 18.32 20.52 22.59 17.39 19.93 27.29 30.53 32.01 31.07 26.68 27.02 31.03 31.37
33.93 34.67 34.03 35.72 38.99 35.29 32.61 34.96 35.79 32.62 26.79 17.81 21.88 22.82 25.50 30.05 27.32 24.99 27.15 24.65 20.27 16.29 13.99 9.39 8.61 9.97 16.30 11.01 10.49 18.03 18.20 20.69 21.87 20.52 20.47 23.47 26.11 18.45 25.21 19.71 21.15 17.01 16.44 17.89 24.91 18.29 15.65 15.11 14.56 18.69 20.00 18.24 19.35 22.62 25.61 18.48 20.98 25.23 33.33 30.63 32.02 28.27 30.33 33.84
30.89 32.60 32.99 31.19 30.80 33.14 35.51 37.72 33.11 36.02 31.98 23.33 19.57 20.20 19.81 29.47 27.75 28.02 23.56 22.99 19.20 16.77 18.62 13.43 12.33 14.85 9.64 15.33 10.57 14.14 15.23 16.59 20.52 25.52 17.88 21.79 17.77 23.39 24.77 24.89 18.70 20.06 13.70 21.83 16.65 21.48 14.49 15.06 14.18 14.45 14.65 18.25 18.28 23.88 27.33 18.75 21.84 24.05 28.75 26.99 33.41 30.24 25.76 27.98
27.64 34.70 31.71 27.54 26.38 35.16 33.43 33.28 30.86 29.60 27.77 29.09 21.24 16.46 17.47 28.00 32.05 30.33 21.60 25.49 16.61 21.37 16.87 13.44 11.56 14.10 15.15 10.79 12.97 13.38 9.86 11.95 17.04 18.00 18.75 17.35 20.53 22.48 23.19 21.74 22.05 17.33 16.79 19.09 24.10 18.69 12.51 18.21 20.10 20.79 14.18 14.35 16.50 18.50 20.72 20.60 23.60 24.90 25.26 26.04 26.53 31.96 30.34 32.76
31.75 36.17 31.82 27.52 25.53 25.53 36.54 32.09 35.15 30.96 25.04 24.50 23.39 17.33 24.66 22.24 24.63 30.92 24.44 17.67 21.14 14.33 16.56 10.93 16.44 17.25 18.29 12.48 12.24 14.04 9.10 16.54 14.35 13.03 14.61 19.47 16.34 23.95 18.30 25.87 25.53 22.24 14.18 21.26 25.28 21.66 20.14 21.71 17.87 19.16 15.89 13.73 14.79 17.41 19.41 23.80 26.28 28.89 29.60 25.56 27.30 29.50 31.56 28.49
30.03 29.70 32.87 29.66 28.17 30.04 31.70 30.36 34.05 29.91 31.62 27.01 21.65 26.09 17.95 26.38 22.96 28.74 21.17 18.10 17.80 15.89 14.75 13.75 15.41 14.34 11.21 13.57 14.92 9.67 11.16 13.28 15.12 16.96 17.18 20.30 23.65 24.06 22.67 19.60 19.26 21.11 16.01 22.13 23.00 18.76 17.62 16.58 17.25 18.97 18.50 20.16 11.69 15.29 17.60 18.94 20.70 22.55 22.83 31.12 31.92 33.65 26.76 26.78
29.92 28.06 34.88 35.49 26.32 33.14 33.10 35.68 30.37 31.61 30.56 26.53 26.68 27.39 22.05 23.58 24.76 21.02 24.93 18.82 17.52 14.04 14.07 10.04 16.09 10.07 7.64 12.17 15.97 11.71 7.58 16.14 17.68 12.93 20.40 24.40 23.47 20.47 22.95 16.47 14.55 16.65 22.63 18.98 24.68 18.46 13.66 19.95 14.89 12.78 22.41 17.33 18.91 17.30 21.02 15.48 19.61 25.37 21.24 24.74 27.60 30.77 24.82 24.20
33.40 36.44 33.63 29.03 29.44 35.31 38.21 32.62 29.27 34.19 28.86 30.74 23.40 27.01 27.61 23.05 23.54 19.60 16.29 18.92 13.77 12.26 11.30 12.10 10.11 6.78 5.22 5.74 11.41 9.11 12.83 13.83 19.08 22.46 21.14 24.86 26.69 19.99 15.17 18.63 13.50 13.46 21.85 22.43 19.23 17.00 22.00 18.34 19.69 14.17 13.73 14.15 19.04 21.86 23.71 22.39 24.15 22.15 20.39 21.39 30.50 25.14 29.30 29.01
37.10 31.22 31.55 32.01 28.03 30.51 30.41 29.20 26.41 32.32 31.03 27.75 25.69 25.08 29.73 29.51 23.55 24.08 22.67 15.16 19.01 13.00 13.02 15.96 9.72 6.75 8.95 9.65 9.47 12.02 14.28 18.04 15.63 23.98 23.37 26.61 24.15 17.28 22.08 15.02 18.78 20.86 24.15 22.78 15.59 17.00 15.19 15.34 20.16 14.38 17.72 13.42 13.65 15.92 21.77 18.73 19.62 17.59 20.41 27.73 23.51 30.31 33.30 32.10
32.53 32.49 36.79 27.91 34.47 27.58 32.49 25.50 25.54 30.70 35.43 30.71 28.92 23.28 23.86 25.67 27.87 21.43 20.52 21.90 18.06 18.56 13.81 14.64 9.89 6.91 3.55 7.65 4.81 9.23 14.20 11.42 19.56 24.84 26.88 26.07 21.30 24.85 21.62 15.94 20.01 21.85 21.54 16.93 22.27 17.14 17.86 13.28 20.34 21.96 12.22 15.64 12.34 20.46 19.84 21.69 22.83 22.46 24.12 21.91 26.16 23.59 32.28 28.47
35.11 34.43 35.63 30.30 31.63 35.29 29.92 25.96 21.97 25.09 32.12 28.34 31.82 28.55 23.46 21.63 27.82 27.29 23.12 25.53 24.93 21.63 13.74 9.35 14.80 5.58 1.57 6.37 6.66 4.64 12.63 13.24 16.78 25.06 27.17 25.77 20.75 24.90 24.71 21.47 23.11 19.72 16.10 21.48 18.29 17.20 16.53 15.28 18.21 17.26 17.35 9.63 10.60 20.31 18.39 17.34 24.23 19.32 19.40 20.10 22.78 23.25 23.21 27.00
32.02 31.14 36.85 30.52 36.00 33.64 32.82 28.81 23.40 24.29 28.73 25.58 25.24 27.82 22.97 27.38 21.30 27.06 21.53 22.44 23.89 25.49 17.94 14.50 12.66 3.99 3.02 6.42 10.28 10.33 12.78 16.30 16.82 21.72 24.64 23.12 21.17 22.59 19.81 21.89 20.70 18.14 15.45 20.93 20.00 13.56 15.14 15.25 17.58 20.39 16.86 14.88 9.53 14.88 17.90 19.90 22.99 19.91 23.73 20.56 22.66 24.46 27.73 25.78
32.66 30.29 33.84 30.26 29.27 33.54 28.13 27.91 30.31 22.59 28.95 29.41 31.86 23.03 20.35 27.08 23.51 22.58 20.30 18.03 18.41 19.54 16.45 12.11 15.62 5.29 3.03 9.73 9.27 15.04 17.73 14.01 21.20 25.49 19.68 22.57 23.51 25.26 18.56 19.14 15.22 14.01 21.92 18.62 15.41 18.56 18.51 20.69 16.12 18.91 19.96 18.03 16.18 15.96 14.78 17.91 20.22 23.99 26.27 24.03 19.68 19.38 26.05 28.31
33.55 37.45 30.33 28.31 31.97 30.46 26.22 30.24 31.87 28.73 27.61 30.55 28.50 24.03 26.75 23.61 25.74 26.39 20.91 18.64 17.02 19.16 19.37 15.70 9.27 11.46 4.86 3.92 10.98 8.42 13.79 18.44 22.16 26.50 26.66 21.90 28.15 23.35 20.99 18.24 15.35 15.85 13.84 21.00 18.62 14.25 19.75 14.12 13.48 16.89 15.14 19.99 14.32 19.32 18.76 17.82 24.03 25.53 28.38 19.92 18.06 20.79 26.70 31.20
