33.87 36.54 35.39 32.58 35.89 39.37 37.30 35.07 36.90 40.97 44.46 43.28 43.05 47.35 49.53 46.82 44.46 43.63 46.00 43.42 47.02 44.42 41.92 41.84 42.39 42.34 41.75 36.81 32.69 36.00 35.95 36.30
37.22 31.94 29.14 32.28 31.79 37.84 41.05 35.43 36.17 42.32 39.72 46.57 40.88 41.22 45.41 47.99 46.45 40.87 46.53 41.35 41.87 43.14 42.09 42.12 46.42 44.30 40.57 39.76 35.97 32.25 31.03 37.71
29.91 31.63 29.15 35.27 32.22 38.53 40.63 42.88 42.78 41.57 37.80 46.16 46.60 47.37 44.97 46.35 42.95 45.50 43.18 40.07 36.83 39.05 38.95 45.94 42.32 46.27 45.85 42.73 38.12 31.42 34.93 31.58
28.86 32.69 28.88 33.47 31.50 38.18 42.84 38.76 45.31 40.03 42.42 38.56 48.87 48.27 44.06 45.17 45.63 42.04 41.96 42.06 43.50 43.68 42.53 45.82 47.83 43.36 47.28 45.67 34.95 36.72 32.46 29.43
31.33 30.06 36.19 31.78 32.85 36.11 37.49 41.29 43.87 38.77 41.51 41.87 42.12 41.60 45.08 48.15 41.29 42.10 45.90 39.21 41.60 40.09 45.71 42.22 48.32 49.55 47.69 42.68 35.47 30.55 36.05 37.42
28.25 31.18 33.51 32.68 32.87 39.09 34.11 41.37 46.10 46.55 40.62 42.38 37.06 38.78 44.20 42.94 47.83 46.54 40.31 46.73 37.07 36.52 38.06 39.43 44.17 47.47 45.52 41.98 40.03 37.05 33.90 36.67
33.91 33.12 33.62 37.03 33.73 30.82 34.01 36.95 41.81 48.48 45.16 41.98 35.37 40.32 40.00 45.25 48.19 47.93 40.81 45.66 40.31 39.02 36.43 39.02 45.74 44.94 43.22 38.47 41.49 36.73 37.52 36.82
35.20 37.16 39.14 39.34 32.83 31.39 28.60 34.95 41.15 44.03 49.30 46.69 38.32 42.18 38.17 43.46 48.31 48.28 42.23 39.59 43.18 35.21 40.26 43.58 46.42 47.91 44.32 42.47 38.31 39.96 37.70 33.84
34.10 37.79 38.22 34.96 31.59 32.40 32.80 34.58 37.63 44.24 45.52 46.32 40.38 37.72 43.00 46.60 49.02 49.80 42.44 37.24 41.95 42.15 36.87 46.64 46.18 48.18 47.30 38.54 40.84 41.98 40.69 34.55
39.97 35.94 39.80 32.43 37.41 33.77 35.62 34.26 33.61 44.08 43.66 42.26 46.01 44.66 47.03 45.12 49.25 43.56 38.68 40.79 41.78 44.44 43.54 44.98 48.35 48.35 41.93 44.51 45.48 43.26 43.90 39.88
39.51 43.16 35.97 38.84 36.26 32.53 34.06 31.36 38.23 38.62 43.11 39.90 44.96 41.27 40.91 40.73 49.41 45.21 38.34 38.71 43.29 45.82 46.98 46.48 46.34 45.87 42.85 43.14 48.19 42.41 42.15 40.83
44.67 39.49 40.46 36.53 36.76 39.48 34.41 37.48 34.71 40.06 35.78 39.62 40.39 38.68 35.69 42.58 48.13 45.08 45.39 39.59 46.70 47.22 45.70 48.25 46.75 47.24 46.15 41.30 46.87 45.07 44.04 44.38
39.01 45.09 44.76 41.21 43.35 40.37 35.35 34.69 38.01 33.69 33.04 39.32 43.09 38.11 35.22 36.89 42.37 46.51 46.68 43.43 39.39 40.23 49.11 47.62 44.86 45.57 41.81 48.98 49.40 42.57 41.65 45.54
46.03 46.83 44.05 44.55 44.09 36.79 40.95 37.14 37.26 33.30 29.90 40.11 36.03 40.22 33.86 34.27 38.71 46.34 44.89 47.03 42.96 44.42 48.75 47.15 41.31 44.91 48.43 42.33 42.10 45.96 41.92 45.74
45.15 42.04 42.06 47.29 41.47 41.80 42.88 36.18 38.66 38.87 38.26 39.87 43.53 35.56 40.31 41.52 41.03 42.85 48.25 46.01 43.75 46.20 41.85 48.66 41.51 40.67 39.54 40.39 39.79 43.54 49.07 40.72
39.06 41.50 48.17 48.73 41.83 41.74 42.06 41.53 39.86 38.06 41.12 39.83 39.49 38.97 36.60 40.19 44.11 44.55 47.06 48.86 44.60 45.62 45.31 46.35 44.88 38.86 35.69 42.78 39.44 42.79 43.96 46.99
41.72 39.09 45.98 43.36 39.48 39.85 37.19 43.14 45.43 42.79 42.88 41.95 44.04 41.61 36.66 41.15 45.40 47.40 47.43 46.97 47.43 46.95 44.55 43.73 40.66 39.54 38.07 38.25 40.79 38.71 39.13 46.43
36.01 40.93 44.11 47.56 42.79 38.83 39.81 39.91 44.34 39.91 39.17 37.60 44.82 41.76 39.28 43.03 40.83 41.26 40.77 46.30 42.58 43.47 44.68 38.54 42.84 41.75 40.31 34.45 38.92 39.52 43.94 42.38
42.56 37.96 39.50 41.06 47.07 38.59 39.98 38.65 37.63 43.64 41.98 40.09 41.18 44.98 39.37 37.31 41.66 36.28 39.28 40.18 46.68 39.41 46.01 45.21 37.10 38.20 37.56 38.24 37.92 41.28 37.19 38.18
43.85 44.76 36.38 38.76 40.47 40.38 35.33 38.55 42.69 38.64 37.50 43.87 42.25 44.22 42.92 41.06 41.01 38.45 38.42 37.50 38.78 38.95 39.47 41.39 42.45 34.02 40.72 37.64 43.45 38.91 34.18 32.19
43.16 45.57 38.75 38.31 36.97 33.94 38.22 40.58 44.65 43.71 36.40 43.04 48.29 47.88 43.56 46.99 37.08 36.36 40.35 37.79 35.66 38.57 39.57 43.55 40.56 37.86 38.38 43.10 43.98 39.45 40.60 36.17
39.89 41.93 43.29 35.43 31.65 33.75 40.90 46.06 40.37 42.91 44.74 47.84 44.03 41.32 41.62 40.63 37.83 41.40 40.46 34.60 36.28 35.60 37.74 42.44 45.04 42.64 43.18 45.73 38.81 36.91 39.27 39.21
41.18 46.56 39.27 40.38 30.49 32.45 33.95 40.15 43.68 43.21 48.71 43.10 47.66 43.24 46.65 42.91 44.13 36.20 37.10 36.72 36.48 38.75 39.51 41.60 43.19 43.19 39.09 39.42 41.83 40.75 42.73 43.12
39.49 44.76 47.43 34.53 33.23 32.87 35.97 41.42 42.35 46.80 44.39 46.18 48.16 49.69 47.62 42.12 36.48 33.72 40.50 39.77 40.35 43.28 43.16 39.07 45.39 46.09 39.04 41.02 42.32 44.07 41.89 41.07
43.48 43.01 42.89 35.82 33.35 31.09 37.16 42.18 39.41 42.45 42.71 45.83 44.27 45.78 47.85 44.01 34.32 33.55 41.39 45.33 44.65 38.88 36.31 36.27 40.44 38.11 36.13 43.44 38.95 41.58 42.07 42.88
44.34 39.51 44.54 40.43 32.02 29.06 32.83 35.28 36.35 41.16 39.34 45.19 44.23 43.68 42.46 38.14 41.18 35.42 36.40 45.08 48.25 38.35 35.31 41.76 43.10 44.42 38.28 39.28 41.78 37.46 42.54 45.51
39.31 38.80 38.19 41.25 33.89 33.08 31.75 36.31 33.69 42.55 37.49 42.52 47.77 42.59 45.57 44.93 41.50 36.02 39.50 42.45 39.71 36.02 42.80 43.41 43.17 42.34 39.97 35.58 36.86 42.48 45.05 39.70
37.58 40.71 37.50 33.57 30.65 32.21 37.04 38.69 40.47 36.61 40.25 44.41 41.71 48.62 49.02 47.52 40.01 38.60 42.11 40.99 42.29 38.97 36.40 46.24 39.92 36.61 35.12 39.49 43.08 45.06 47.64 44.98
37.95 39.94 37.24 36.22 30.88 28.50 31.32 39.33 40.37 41.30 41.29 46.26 41.75 40.84 44.17 47.34 43.07 43.69 43.94 43.78 45.33 40.23 39.25 42.28 38.97 42.59 38.64 39.09 43.45 49.54 48.90 44.15
37.13 36.23 39.10 33.65 31.35 31.69 29.90 36.49 42.46 41.90 40.47 47.33 45.66 38.89 38.05 41.80 46.34 41.55 39.86 44.23 39.51 42.70 42.71 37.03 39.02 41.53 41.87 37.89 44.12 47.64 48.18 48.69
39.88 35.30 39.52 40.23 29.76 27.08 32.54 36.02 43.83 43.09 47.08 41.75 43.49 46.20 36.76 40.13 43.24 44.08 44.73 37.33 39.49 44.57 40.99 41.42 35.02 37.32 36.36 43.77 39.62 46.00 43.09 44.30
33.58 34.85 34.91 35.29 35.77 29.78 30.12 39.20 42.30 46.29 40.62 43.87 41.29 41.03 43.68 39.24 38.77 45.70 45.68 36.89 38.90 45.03 43.06 35.72 38.24 37.78 39.57 36.72 41.60 40.12 44.91 46.52
