47.56 43.05 44.69 46.54 45.06 40.22 42.53 43.15 42.91 38.47 40.34 38.43 41.49 40.67 37.02 33.21 30.73 31.87 34.36 36.57 40.47 39.64 44.09 40.61 43.44 43.41 44.96 40.11 43.99 39.30
49.18 47.08 42.68 43.39 46.60 41.59 44.43 47.47 46.49 43.65 44.62 41.42 38.89 43.84 43.06 31.07 27.18 34.24 33.39 36.79 38.24 39.04 39.69 38.52 36.93 43.91 40.18 45.90 46.08 41.35
45.88 44.30 48.26 47.35 48.94 44.41 48.24 46.31 46.88 46.33 42.89 43.25 38.59 38.50 35.38 34.37 32.33 28.28 30.27 37.96 37.24 42.23 43.00 43.82 38.99 39.09 46.18 45.18 40.22 44.94
46.94 43.25 47.05 42.95 43.40 44.06 48.28 45.09 42.33 40.91 48.00 40.21 38.90 38.99 37.87 31.67 33.16 35.10 31.54 34.81 34.37 38.74 40.93 42.69 42.14 42.23 45.53 39.51 41.41 41.80
42.43 49.25 46.93 46.91 44.54 45.23 44.32 43.22 44.28 44.80 43.27 40.94 43.54 38.48 36.73 39.61 35.78 32.55 30.54 30.40 32.85 40.76 37.39 40.89 39.24 38.10 39.47 44.17 38.81 42.70
48.38 46.17 48.87 45.63 43.53 40.65 39.86 39.16 39.98 42.35 42.57 40.03 45.19 40.89 40.67 41.87 36.82 30.59 29.67 28.13 31.86 33.85 39.51 44.05 35.78 37.61 37.71 35.47 40.69 37.72
43.53 46.43 47.65 48.31 40.92 43.02 35.92 37.29 41.75 45.05 44.58 44.50 39.88 45.25 39.54 39.08 35.92 34.67 34.26 29.46 26.24 35.09 38.51 34.93 33.78 36.84 40.49 35.45 33.85 35.37
40.44 44.78 49.61 43.42 40.78 39.66 39.24 36.07 37.22 42.93 39.63 37.95 39.98 41.67 46.35 38.56 37.77 31.09 36.20 31.61 30.77 27.66 29.81 33.96 35.84 35.02 38.39 41.79 38.48 31.51
43.54 40.20 41.00 40.90 46.17 37.69 42.79 37.49 43.11 39.28 42.28 40.95 37.01 38.64 39.04 37.39 31.76 38.92 34.56 32.59 34.55 25.86 31.10 30.88 30.52 36.37 38.79 38.46 40.61 40.38
44.69 37.90 35.63 45.42 40.73 45.27 38.48 36.85 40.63 37.21 41.49 36.01 38.52 40.14 34.02 36.80 35.32 32.86 36.26 36.19 28.89 25.28 27.46 32.77 29.76 33.43 35.07 36.95 42.65 44.94
38.41 41.84 44.04 37.48 37.84 42.94 38.21 36.86 33.30 38.65 36.11 33.61 38.02 38.09 36.27 38.90 35.81 33.47 33.08 38.28 35.75 28.84 33.43 34.97 36.13 29.73 34.88 34.18 36.97 43.39
41.96 37.46 40.82 37.78 38.98 38.65 37.17 32.94 31.72 36.48 34.77 33.78 39.82 34.22 37.90 37.15 35.72 34.72 30.21 37.84 36.95 34.85 31.05 33.03 32.47 36.12 38.00 34.30 36.22 36.90
43.60 43.16 39.72 39.55 43.71 36.02 34.98 30.80 31.51 35.50 39.08 37.23 39.27 35.52 38.49 40.59 41.20 33.18 31.75 33.91 37.56 38.47 36.37 37.14 29.92 37.20 40.85 32.97 37.33 41.26
47.21 46.95 41.20 40.72 42.85 43.45 36.99 31.45 33.47 34.93 41.28 41.66 35.00 32.25 40.00 36.05 41.51 36.28 33.38 38.21 34.96 35.38 41.14 32.21 29.23 38.16 38.30 33.90 39.07 39.94
46.25 43.40 42.33 44.16 39.66 43.61 34.70 34.90 36.23 36.34 35.52 42.64 40.77 39.94 37.00 36.84 42.30 35.30 38.91 34.61 38.21 41.27 37.35 36.78 38.51 34.28 34.39 40.46 34.92 40.05
45.19 39.72 44.80 39.71 38.63 37.49 40.31 40.31 40.36 36.88 39.90 37.13 37.72 42.82 39.69 34.71 37.65 33.76 34.79 36.47 38.99 41.21 44.05 43.15 34.40 38.78 40.52 38.83 42.32 41.85
38.57 44.85 40.09 45.22 43.95 41.15 41.59 41.92 37.97 43.51 38.08 42.02 37.06 43.34 42.22 43.37 34.57 39.77 33.46 36.95 39.58 45.20 40.64 35.73 40.89 38.98 38.92 44.84 46.35 40.61
42.89 41.47 47.22 45.43 41.58 40.19 37.14 34.85 41.86 42.00 37.33 38.57 38.58 41.08 42.10 45.04 45.50 39.33 34.19 35.02 37.10 36.58 44.04 38.07 39.58 43.53 38.31 39.65 38.42 44.16
42.69 39.73 44.44 43.51 46.62 42.75 42.32 39.42 35.17 37.35 36.61 42.02 35.81 41.49 41.52 48.03 41.60 42.48 40.06 38.19 36.65 35.29 34.82 43.01 42.69 41.56 45.65 44.72 36.81 41.26
39.48 39.72 39.89 46.62 40.87 42.30 40.04 41.56 41.29 39.13 38.70 40.05 43.04 41.52 40.49 42.96 42.92 42.04 41.48 34.26 37.68 40.35 36.86 43.59 41.98 42.34 39.96 41.61 43.52 41.14
42.46 40.51 37.68 40.84 41.96 37.95 44.29 43.09 42.60 39.14 35.86 35.21 38.09 38.17 39.01 39.65 39.18 38.30 34.96 33.79 33.10 34.62 36.12 43.93 41.51 42.55 43.72 39.95 38.75 42.03
39.37 35.23 42.41 43.29 38.70 45.00 46.32 47.27 44.85 38.85 34.46 38.07 32.75 36.77 38.75 38.85 42.20 33.91 32.54 32.77 33.30 38.98 39.24 42.65 41.11 40.04 45.51 38.09 39.58 38.51
34.32 38.62 35.27 35.81 37.35 38.50 48.36 44.76 48.57 43.36 34.40 31.62 32.15 30.73 37.81 40.82 34.42 35.68 34.13 33.78 37.17 41.12 43.50 41.83 42.88 45.66 39.45 44.54 45.02 36.81
34.97 38.83 38.27 36.02 39.90 36.79 46.94 42.92 41.33 41.63 39.60 31.86 32.15 36.22 37.79 42.29 35.19 31.61 30.92 35.08 33.75 36.44 38.15 41.97 41.01 40.92 39.05 40.53 38.44 38.61
40.49 33.78 32.03 38.93 40.98 37.09 40.23 37.93 37.82 41.56 38.21 40.23 35.95 31.04 40.70 43.74 38.00 28.97 32.03 33.30 33.96 39.00 38.21 42.69 37.77 41.75 42.82 43.45 42.20 42.23
33.52 34.69 35.34 40.27 38.22 38.76 36.81 39.83 42.80 36.68 43.89 35.61 33.65 35.20 34.81 34.67 39.06 38.73 34.06 37.57 32.76 32.43 35.27 38.87 41.68 43.71 40.89 44.19 40.67 45.91
32.61 33.62 36.67 39.85 42.00 38.93 39.97 35.88 36.37 39.37 41.08 42.46 31.95 34.26 34.94 39.78 35.65 37.82 34.86 39.11 31.19 37.15 38.51 39.77 39.62 41.92 45.91 38.48 43.66 46.93
33.36 32.37 40.32 35.75 34.53 36.91 39.45 33.90 33.53 33.15 38.60 41.64 40.97 31.32 35.31 38.86 36.60 38.53 41.17 39.67 41.40 34.53 36.74 39.05 42.31 46.35 41.86 45.21 40.69 44.93
34.45 36.55 39.34 34.66 39.64 42.54 36.79 39.70 37.56 37.31 36.91 43.33 40.11 32.98 32.18 36.22 39.16 37.70 42.66 39.05 37.08 41.62 33.68 34.25 41.89 42.73 48.27 47.78 48.91 49.15
35.65 39.23 39.84 36.49 42.12 39.55 35.32 32.39 38.12 39.68 41.31 42.25 38.37 36.80 38.12 41.10 35.81 39.33 42.80 39.99 34.78 38.75 33.73 37.35 42.22 44.36 44.76 47.15 46.85 49.25
